time (s)	energy (uJ)	charge (mC)	voltage (mV)	crossing#mod 255
429644.877466	35.133759	0.005477	6.415102	16
429645.925534	35.209896	0.005493	6.409846	17
429646.974473	34.191067	0.005491	6.226561	18
429648.024587	34.206703	0.005488	6.233070	19
429649.072423	32.793190	0.005478	5.986340	20
429650.122542	31.352362	0.005482	5.719627	21
429651.136941	42.038929	0.005482	7.669158	22
429652.217166	31.035179	0.005485	5.658342	23
429653.233169	41.517895	0.005480	7.575710	24
429654.281269	41.292267	0.005486	7.527262	25
429655.331150	40.240543	0.005475	7.349932	26
429656.379698	40.660114	0.005474	7.427588	27
429657.428391	38.252457	0.005475	6.986208	28
429658.476780	37.759167	0.005495	6.871337	29
429659.524777	36.892742	0.005486	6.724458	30
429660.572868	36.167946	0.005497	6.579861	31
429661.622726	40.484261	0.005479	7.388550	32
429662.670897	34.519932	0.005483	6.295525	33
429663.719774	34.055061	0.005477	6.218051	34
429664.767924	33.730152	0.005477	6.158507	35
429665.820000	31.094471	0.005469	5.685504	36
429666.864539	32.949539	0.005494	5.997814	37
429667.880542	42.520424	0.005481	7.757437	38
429668.962524	30.856623	0.005480	5.630263	39
429669.978499	40.875504	0.005478	7.462199	40
429671.028754	41.023659	0.005485	7.479891	41
429672.077530	39.466835	0.005474	7.209314	42
429673.125642	40.580154	0.005481	7.403226	43
429674.172677	37.660965	0.005483	6.869010	44
429675.220756	39.816326	0.005482	7.262938	45
429676.268822	36.482590	0.005485	6.651462	46
429677.318436	38.091858	0.005470	6.964329	47
429678.366780	34.725857	0.005478	6.339248	48
429679.414835	35.953949	0.005491	6.547960	49
429680.465352	32.824821	0.005502	5.965939	50
429681.512541	34.296341	0.005471	6.268373	51
429682.528249	42.361534	0.005474	7.738872	52
429683.610855	32.721336	0.005490	5.960023	53
429684.626833	41.398312	0.005487	7.544849	54
429685.707820	31.037996	0.005485	5.659011	55
429686.721784	41.015369	0.005496	7.462848	56
429687.769900	41.843155	0.005478	7.637728	57
429688.823145	39.773891	0.005460	7.284874	58
429689.841449	46.524185	0.005471	8.504398	59
429690.919707	36.597031	0.005466	6.695825	60
429691.966927	38.087906	0.005483	6.947082	61
429693.013469	36.244793	0.005485	6.607488	62
429694.062471	37.302773	0.005493	6.790716	63
429695.111459	34.676819	0.005473	6.335533	64
429696.159572	35.055206	0.005481	6.395946	65
429697.209642	33.347408	0.005474	6.092263	66
429698.256217	33.976967	0.005480	6.199708	67
429699.305902	32.977783	0.005480	6.018207	68
429700.354203	32.284332	0.005483	5.888295	69
429701.370202	42.160332	0.005482	7.690460	70
429702.452386	30.524473	0.005489	5.560782	71
429703.468893	41.536705	0.005485	7.573289	72
429704.515415	42.464069	0.005480	7.749273	73
429705.563495	40.839413	0.005489	7.440287	74
429706.613101	39.348267	0.005475	7.186563	75
429707.661551	38.188068	0.005476	6.973603	76
429708.711680	37.165554	0.005485	6.775541	77
429709.758148	36.608498	0.005483	6.677028	78
429710.806240	36.541615	0.005488	6.658200	79
429711.856042	35.648190	0.005477	6.509032	80
429712.904237	33.941570	0.005477	6.197489	81
429713.952286	34.397289	0.005499	6.255737	82
429715.003250	33.463936	0.005483	6.102899	83
429716.051820	32.401459	0.005479	5.914170	84
429717.097857	33.155132	0.005490	6.039124	85
429718.113865	42.374569	0.005489	7.720404	86
429719.195832	31.307959	0.005480	5.713199	87
429720.214498	40.586769	0.005478	7.408973	88
429721.259424	42.067245	0.005490	7.662221	89
429722.307507	40.540401	0.005474	7.405600	90
429723.357500	40.536285	0.005492	7.381057	91
429724.409243	37.823971	0.005470	6.914892	92
429725.456453	37.987865	0.005486	6.925029	93
429726.502870	36.182121	0.005461	6.625499	94
429727.553870	36.027168	0.005476	6.579061	95
429728.601093	34.069420	0.005491	6.204468	96
429729.648875	35.054466	0.005466	6.413055	97
429730.697092	33.788078	0.005475	6.171879	98
429731.747180	33.854553	0.005489	6.168106	99
429732.793714	33.078922	0.005490	6.025681	100
429733.841840	33.435570	0.005471	6.111308	101
429734.857856	42.195412	0.005488	7.688259	102
429735.940367	31.222212	0.005480	5.697948	103
429736.957056	41.277733	0.005487	7.522388	104
429738.004039	42.301117	0.005490	7.705291	105
429739.049632	41.188747	0.005467	7.533999	106
429740.103385	39.604343	0.005482	7.224503	107
429741.151529	38.687477	0.005501	7.032705	108
429742.200054	37.664249	0.005486	6.864970	109
429743.247754	36.491234	0.005487	6.651028	110
429744.296010	36.460125	0.005480	6.653870	111
429745.344598	36.052853	0.005478	6.580896	112
429746.392635	34.927967	0.005473	6.381945	113
429747.440730	33.870441	0.005486	6.173941	114
429748.492727	33.335915	0.005486	6.076615	115
429749.539162	33.232807	0.005485	6.058789	116
429750.590268	31.678209	0.005458	5.803721	117
429751.604188	42.063774	0.005484	7.670417	118
429752.684718	31.136684	0.005498	5.662767	119
429753.701705	41.188042	0.005495	7.495390	120
429754.749371	41.290871	0.005490	7.521320	121
429755.796306	40.988991	0.005466	7.499443	122
429756.848325	38.993160	0.005484	7.110151	123
429757.896326	38.103046	0.005488	6.943356	124
429758.943204	38.304455	0.005478	6.992741	125
429759.993256	36.273117	0.005482	6.617206	126
429761.039396	36.621807	0.005466	6.699522	127
429762.088190	35.703838	0.005492	6.501413	128
429763.137966	34.815155	0.005476	6.357627	129
429764.186556	33.928379	0.005475	6.196966	130
429765.235768	33.719700	0.005489	6.142802	131
429766.282353	34.499977	0.005492	6.281925	132
429767.332196	32.914421	0.005475	6.011515	133
429768.346897	42.486607	0.005486	7.743967	134
429769.430932	31.120131	0.005485	5.674032	135
429770.446956	40.961739	0.005479	7.476768	136
429771.495014	41.709625	0.005488	7.600224	137
429772.541039	40.788700	0.005484	7.438097	138
429773.593063	39.507687	0.005492	7.194066	139
429774.639484	38.339455	0.005475	7.002460	140
429775.687649	38.466415	0.005477	7.022682	141
429776.738643	35.662220	0.005483	6.504499	142
429777.787493	35.602299	0.005471	6.507213	143
429778.834745	34.532288	0.005488	6.291789	144
429779.882395	46.035164	0.005476	8.407148	145
429780.930729	34.130676	0.005478	6.230516	146
429781.978816	34.383015	0.005486	6.267050	147
429783.028904	32.942955	0.005490	6.000603	148
429784.075019	33.693977	0.005478	6.151295	149
429785.092324	42.032459	0.005469	7.685536	150
429786.175537	31.161650	0.005485	5.681199	151
429787.189358	41.423435	0.005464	7.581045	152
429788.239576	41.290920	0.005479	7.535989	153
429789.286073	40.607693	0.005492	7.394036	154
429790.350309	34.518024	0.005485	6.293549	155
429791.386179	37.798912	0.005492	6.882445	156
429792.432141	38.431343	0.005483	7.009146	157
429793.480232	37.054710	0.005486	6.754297	158
429794.528308	37.237812	0.005487	6.786412	159
429795.578235	35.138035	0.005477	6.415508	160
429796.625353	35.409157	0.005473	6.469721	161
429797.677415	33.312706	0.005480	6.078620	162
429798.723383	33.971115	0.005484	6.194843	163
429799.773458	32.831352	0.005488	5.982418	164
429800.823465	41.633709	0.005478	7.600186	165
429801.835485	42.611202	0.005483	7.770844	166
429802.917486	31.480110	0.005486	5.738535	167
429803.933494	41.684021	0.005481	7.605569	168
429804.983545	58.693687	0.005487	10.696348	169
429806.032530	39.973572	0.005480	7.294392	170
429807.079061	40.366905	0.005488	7.355189	171
429808.127649	38.971935	0.005493	7.095376	172
429809.175728	39.039005	0.005486	7.116406	173
429810.225478	37.294479	0.005470	6.818246	174
429811.273793	36.564236	0.005479	6.673087	175
429812.325914	33.739037	0.005474	6.163101	176
429813.371983	34.983688	0.005486	6.376380	177
429814.418549	34.732834	0.005494	6.322090	178
429815.468409	34.516273	0.005484	6.294471	179
429816.516554	33.175972	0.005477	6.057755	180
429817.564630	33.623707	0.005492	6.122340	181
429818.580616	42.467232	0.005486	7.741111	182
429819.662611	31.926104	0.005480	5.826104	183
429820.678536	41.584312	0.005477	7.592606	184
429821.730777	40.606228	0.005471	7.422756	185
429822.774758	40.856918	0.005491	7.440544	186
429823.826217	41.735069	0.005478	7.618147	187
429824.873835	38.380058	0.005486	6.996502	188
429825.921433	39.748192	0.005474	7.261285	189
429826.971847	36.343811	0.005483	6.628238	190
429828.017828	37.053978	0.005494	6.744652	191
429829.066360	35.289211	0.005486	6.432505	192
429830.116464	35.417568	0.005490	6.450774	193
429831.164356	33.928856	0.005476	6.195779	194
429832.212568	34.325893	0.005483	6.260349	195
429833.260664	33.397793	0.005492	6.081470	196
429834.311194	33.006233	0.005507	5.993109	197
429835.327745	41.920784	0.005485	7.643120	198
429836.408326	31.121531	0.005487	5.672271	199
429837.423018	47.308346	0.005471	8.647864	200
429838.471224	42.112175	0.005485	7.677345	201
429839.519328	40.754486	0.005489	7.424490	202
429840.568329	40.721863	0.005479	7.432275	203
429841.616390	39.185177	0.005484	7.145141	204
429842.665174	38.658123	0.005481	7.053208	205
429843.714380	36.842674	0.005484	6.718501	206
429844.762467	36.734554	0.005483	6.700020	207
429845.813555	34.569687	0.005481	6.307443	208
429846.860170	35.116760	0.005479	6.409166	209
429847.909539	33.911308	0.005490	6.176482	210
429848.957356	34.266621	0.005478	6.255130	211
429850.007632	32.680817	0.005485	5.958202	212
429851.053600	33.366520	0.005483	6.085064	213
429852.069628	42.567623	0.005481	7.766336	214
429853.151583	31.367310	0.005481	5.723002	215
429854.167495	41.764008	0.005477	7.625625	216
429855.217811	41.313244	0.005480	7.538929	217
429856.265850	40.240360	0.005488	7.332262	218
429857.312348	40.561504	0.005490	7.388797	219
429858.362436	38.505569	0.005484	7.021412	220
429859.408955	38.843773	0.005478	7.091013	221
429860.457158	37.806149	0.005478	6.901402	222
429861.511091	35.192799	0.005478	6.424104	223
429862.557133	34.928295	0.005487	6.366141	224
429863.606121	34.799927	0.005491	6.338198	225
429864.652610	34.280064	0.005469	6.268151	226
429865.700696	34.810928	0.005499	6.330097	227
429866.748789	34.052334	0.005479	6.215250	228
429867.798688	33.316677	0.005478	6.081498	229
429868.814687	42.460999	0.005491	7.732867	230
429869.894874	32.037540	0.005491	5.834663	231
429870.912902	41.685120	0.005496	7.584417	232
429871.958971	42.421360	0.005473	7.750605	233
429873.008841	40.687656	0.005478	7.428110	234
429874.059018	40.016685	0.005489	7.290717	235
429875.105515	39.032490	0.005486	7.114862	236
429876.153651	39.026657	0.005490	7.108425	237
429877.204122	36.488487	0.005481	6.657249	238
429878.251965	36.903275	0.005479	6.735278	239
429879.302301	34.643002	0.005485	6.315703	240
429880.350609	34.793674	0.005477	6.353097	241
429881.397630	34.389919	0.005478	6.277455	242
429882.447786	34.013004	0.005488	6.197895	243
429883.496335	32.732609	0.005486	5.966247	244
429884.542310	33.791103	0.005509	6.134260	245
429885.558312	42.661182	0.005485	7.777395	246
429886.644414	30.445400	0.005476	5.559536	247
429887.656327	41.713745	0.005479	7.613897	248
429888.704458	42.198624	0.005479	7.702563	249
429889.754592	40.277298	0.005488	7.339822	250
429890.803117	39.899273	0.005485	7.274823	251
429891.850423	39.182804	0.005477	7.153864	252
429892.899131	38.499043	0.005483	7.020959	253
429893.947236	37.144718	0.005480	6.778007	254
429894.995277	37.116787	0.005490	6.760675	255
429896.043348	36.247162	0.005476	6.618784	0
429897.093244	35.240295	0.005476	6.435231	1
429898.141290	34.543491	0.005484	6.298518	2
429899.189361	34.996258	0.005489	6.376159	3
429900.241371	33.153572	0.005478	6.051833	4
429901.286352	33.642826	0.005481	6.137568	5
429902.302379	42.895935	0.005491	7.812076	6
429903.387152	30.815136	0.005473	5.630542	7
429904.399406	42.306217	0.005491	7.704604	8
429905.449305	42.025921	0.005483	7.664567	9
429906.499524	40.220482	0.005483	7.335973	10
429907.546389	40.382889	0.005478	7.371516	11
429908.594497	39.210304	0.005479	7.156083	12
429909.642575	39.224499	0.005484	7.152138	13
429910.690691	37.612225	0.005476	6.868091	14
429911.739180	37.275509	0.005477	6.805207	15
429912.791897	34.451881	0.005472	6.295966	16
429913.837114	35.699028	0.005483	6.511308	17
429914.886028	34.530025	0.005481	6.299483	18
429915.934079	34.734608	0.005488	6.329407	19
429916.982145	33.078110	0.005468	6.049931	20
429918.032084	33.719250	0.005484	6.149144	21
429919.051097	41.739128	0.005470	7.630257	22
429920.130206	31.486107	0.005486	5.739480	23
429921.145081	41.958782	0.005480	7.657100	24
429922.195211	41.750034	0.005487	7.608509	25
429923.242058	40.817051	0.005484	7.443135	26
429924.290606	40.755390	0.005480	7.437672	27
429925.338689	39.181625	0.005487	7.140858	28
429926.387669	38.942535	0.005481	7.105375	29
429927.437676	36.591053	0.005495	6.658520	30
429928.484464	47.385223	0.005484	8.640556	31
429929.533766	35.697803	0.005482	6.511295	32
429930.581863	35.640499	0.005479	6.504628	33
429931.629976	34.594543	0.005494	6.296523	34
429932.680008	34.273739	0.005476	6.258353	35
429933.727972	33.338566	0.005479	6.084815	36
429934.776042	33.713398	0.005483	6.148205	37
429935.794919	41.957779	0.005465	7.677678	38
429936.873896	31.976030	0.005477	5.837877	39
429937.890763	41.639500	0.005484	7.592388	40
429938.937279	42.535336	0.005484	7.755969	41
429939.987419	41.906765	0.005490	7.633016	42
429941.035319	40.530888	0.005485	7.388957	43
429942.083415	38.582706	0.005485	7.033625	44
429943.133423	38.345516	0.005488	6.987326	45
429944.181073	37.216335	0.005476	6.795856	46
429945.229508	36.817360	0.005478	6.720543	47
429946.283075	31.844814	0.005463	5.829002	48
429947.326110	35.596428	0.005475	6.501537	49
429948.374691	34.719921	0.005487	6.327661	50
429949.422775	34.784798	0.005485	6.341768	51
429950.475567	32.516384	0.005470	5.944831	52
429951.525318	35.817364	0.005469	6.549587	53
429952.569737	32.496571	0.005477	5.933105	54
429953.617932	32.160603	0.005481	5.867891	55
429954.635943	41.676395	0.005484	7.599164	56
429955.681840	42.523991	0.005474	7.768789	57
429956.730072	41.676826	0.005492	7.588341	58
429957.778220	41.383415	0.005478	7.554899	59
429958.828179	39.685688	0.005492	7.225989	60
429959.878198	38.502819	0.005484	7.020661	61
429960.926183	37.758041	0.005492	6.874748	62
429961.976238	35.987148	0.005496	6.548426	63
429963.024222	36.061329	0.005482	6.577719	64
429964.070238	35.722149	0.005487	6.509821	65
429965.119167	34.613625	0.005501	6.292657	66
429966.172187	32.983917	0.005485	6.013462	67
429967.216680	33.447987	0.005479	6.104657	68
429968.264749	33.818058	0.005493	6.156297	69
429969.281171	42.599300	0.005467	7.791909	70
429970.361390	32.324268	0.005479	5.899422	71
429971.377806	42.032639	0.005487	7.660704	72
429972.425939	43.175407	0.005502	7.846585	73
429973.475772	40.955963	0.005476	7.479502	74
429974.523911	41.567593	0.005482	7.582879	75
429975.571974	39.423336	0.005486	7.186605	76
429976.620097	39.530315	0.005491	7.199221	77
429977.672089	36.368088	0.005482	6.634691	78
429978.718060	37.261948	0.005483	6.796376	79
429979.768119	35.196213	0.005477	6.426567	80
429980.814679	36.064243	0.005488	6.570954	81
429981.864361	34.579830	0.005472	6.319072	82
429982.912651	34.591343	0.005479	6.313926	83
429983.960730	33.655777	0.005487	6.133771	84
429985.008794	34.003590	0.005490	6.194079	85
429986.056919	32.909363	0.005474	6.011700	86
429987.106764	32.407475	0.005480	5.913834	87
429988.122852	42.136467	0.005498	7.664635	88
429989.205338	30.327652	0.005490	5.523999	89
429990.219471	41.284737	0.005481	7.532874	90
429991.267524	41.576813	0.005488	7.576061	91
429992.315683	40.187157	0.005473	7.342558	92
429993.365890	39.204651	0.005479	7.155804	93
429994.414072	38.209454	0.005481	6.971832	94
429995.462055	37.488544	0.005477	6.844510	95
429996.510574	36.202908	0.005475	6.612971	96
429997.559480	35.613598	0.005488	6.489033	97
429998.607539	34.701130	0.005487	6.324553	98
429999.658025	33.899807	0.005500	6.164039	99
430000.708877	32.289360	0.005464	5.909414	100
430001.754049	33.248890	0.005480	6.067152	101
430002.804680	31.944654	0.005479	5.830564	102
430003.853384	31.422251	0.005483	5.731071	103
430004.869623	41.303192	0.005494	7.518443	104
430005.916020	42.101761	0.005476	7.688265	105
430006.966734	40.567669	0.005497	7.379829	106
430008.012674	41.122349	0.005483	7.500321	107
430009.061235	39.722305	0.005478	7.251297	108
430010.115349	37.141483	0.005466	6.794458	109
430011.157427	38.502354	0.005478	7.028743	110
430012.209429	36.403652	0.005488	6.633383	111
430013.257970	35.179501	0.005482	6.416860	112
430014.303906	35.908901	0.005488	6.543263	113
430015.352821	34.499962	0.005479	6.296696	114
430016.404929	33.152248	0.005467	6.063785	115
430017.449501	33.699467	0.005482	6.147721	116
430018.498895	33.575840	0.005486	6.120607	117
430019.515587	42.277405	0.005486	7.706832	118
430020.596062	31.941809	0.005479	5.830092	119
430021.610302	42.100857	0.005482	7.680121	120
430022.692245	30.716259	0.005497	5.588314	121
430023.708260	40.987469	0.005475	7.486891	122
430024.758346	41.126904	0.005486	7.496403	123
430025.806378	39.339546	0.005479	7.179799	124
430026.856409	38.843151	0.005486	7.080052	125
430027.902395	38.007717	0.005488	6.926219	126
430028.951717	37.947033	0.005474	6.931998	127
430030.000420	36.189636	0.005475	6.609681	128
430031.048554	35.980373	0.005484	6.560619	129
430032.096624	34.722534	0.005480	6.336119	130
430033.146050	34.838448	0.005477	6.360882	131
430034.198802	31.870220	0.005476	5.820066	132
430035.242778	33.479977	0.005480	6.109350	133
430036.258781	42.557472	0.005481	7.764309	134
430037.338997	32.408695	0.005481	5.912831	135
430038.355819	41.877720	0.005481	7.640170	136
430039.403877	42.568146	0.005496	7.745755	137
430040.453514	41.059139	0.005476	7.498562	138
430041.500828	40.894650	0.005485	7.456224	139
430042.550671	39.138771	0.005474	7.149377	140
430043.598797	38.941441	0.005477	7.109659	141
430044.646847	37.882030	0.005490	6.899951	142
430045.695376	37.723587	0.005492	6.868917	143
430046.743470	36.761806	0.005476	6.713009	144
430047.793431	35.651119	0.005478	6.508356	145
430048.843574	34.402523	0.005487	6.270180	146
430049.890058	35.031658	0.005483	6.388818	147
430050.940102	33.478565	0.005487	6.101257	148
430051.987895	33.578625	0.005476	6.132299	149
430053.038190	32.091801	0.005482	5.854363	150
430054.084185	32.556858	0.005509	5.910058	151
430055.107174	40.199619	0.005465	7.355196	152
430056.149422	42.068424	0.005475	7.683347	153
430057.197725	41.354553	0.005477	7.550106	154
430058.245778	41.074455	0.005482	7.493124	155
430059.295876	39.499321	0.005489	7.195853	156
430060.345953	38.102539	0.005486	6.945507	157
430061.392312	37.308777	0.005479	6.809243	158
430062.440465	37.081005	0.005482	6.764247	159
430063.490597	35.270992	0.005484	6.431365	160
430064.536655	36.413349	0.005485	6.638333	161
430065.586555	35.854469	0.005482	6.540378	162
430066.628061	36.934917	0.005490	6.728255	163
430067.683607	33.694370	0.005481	6.147756	164
430068.731691	33.956139	0.005489	6.186694	165
430069.748111	42.476345	0.005474	7.759670	166
430070.828787	32.206783	0.005481	5.876564	167
430071.846881	41.498135	0.005481	7.571762	168
430072.925448	30.992960	0.005482	5.653605	169
430073.942343	40.960854	0.005480	7.474043	170
430074.990405	41.309479	0.005488	7.527518	171
430076.040446	39.020161	0.005486	7.112304	172
430077.087034	39.857025	0.005487	7.263703	173
430078.137071	37.812584	0.005489	6.888280	174
430079.185049	38.970119	0.005481	7.109868	175
430080.233078	36.077099	0.005480	6.582852	176
430081.283172	35.669098	0.005493	6.494092	177
430082.330083	34.769016	0.005492	6.331271	178
430083.380192	34.499073	0.005489	6.284884	179
430084.428763	46.449940	0.005491	8.459717	180
430085.475668	33.822952	0.005486	6.165056	181
430086.527733	42.667637	0.005484	7.781073	182
430087.575748	31.720686	0.005486	5.781810	183
430088.592550	41.154381	0.005473	7.519328	184
430089.640584	41.565929	0.005469	7.600342	185
430090.686678	41.543617	0.005479	7.582574	186
430091.734762	41.150257	0.005481	7.508094	187
430092.783707	39.703430	0.005481	7.243480	188
430093.833682	38.834438	0.005493	7.069260	189
430094.880685	37.666138	0.005478	6.875388	190
430095.930742	37.150795	0.005498	6.756792	191
430096.978188	35.805256	0.005474	6.541532	192
430098.026808	36.620689	0.005476	6.686882	193
430099.075240	34.901810	0.005471	6.378891	194
430100.127435	33.166950	0.005469	6.064292	195
430101.172311	34.144539	0.005498	6.210461	196
430102.220390	33.799335	0.005492	6.154101	197
430103.268466	33.397690	0.005497	6.075568	198
430104.320481	31.488701	0.005482	5.744091	199
430105.335475	41.913914	0.005492	7.631903	200
430106.383519	42.043884	0.005487	7.662382	201
430107.434041	40.728802	0.005487	7.423263	202
430108.482896	39.994701	0.005466	7.316410	203
430109.530740	38.951241	0.005471	7.119627	204
430110.576075	39.528687	0.005491	7.198576	205
430111.624165	39.501991	0.005492	7.193075	206
430112.674183	37.385769	0.005489	6.810483	207
430113.724635	35.087051	0.005480	6.402563	208
430114.772679	35.070457	0.005488	6.389956	209
430115.820733	34.211174	0.005484	6.238247	210
430116.867632	34.653957	0.005478	6.326429	211
430117.917726	33.706261	0.005487	6.142923	212
430118.965578	33.646259	0.005491	6.127861	213
430119.981526	42.471714	0.005479	7.751646	214
430121.062264	32.630379	0.005486	5.948084	215
430122.078302	42.043743	0.005477	7.675857	216
430123.158414	30.905220	0.005474	5.646179	217
430124.174889	41.196575	0.005492	7.500730	218
430125.223467	41.667484	0.005489	7.591650	219
430126.273516	39.590454	0.005495	7.205301	220
430127.328946	36.660099	0.005489	6.679152	221
430128.369794	38.132206	0.005479	6.959436	222
430129.420591	37.032978	0.005486	6.750063	223
430130.468595	35.780579	0.005484	6.524642	224
430131.514599	36.235126	0.005478	6.614542	225
430132.564406	34.762741	0.005478	6.346299	226
430133.612595	34.825481	0.005486	6.348416	227
430134.663545	32.815109	0.005483	5.984532	228
430135.711528	32.893299	0.005481	6.001858	229
430136.725676	43.000275	0.005482	7.844182	230
430137.811805	30.302721	0.005476	5.534190	231
430138.821799	42.369926	0.005498	7.706542	232
430139.903794	30.471291	0.005485	5.555426	233
430140.920222	40.733612	0.005479	7.434708	234
430141.968778	41.005497	0.005481	7.481137	235
430143.016929	39.620056	0.005480	7.229847	236
430144.065004	39.654774	0.005491	7.221887	237
430145.113785	38.101814	0.005480	6.953081	238
430146.162960	37.818863	0.005470	6.913734	239
430147.211212	36.525520	0.005502	6.639068	240
430148.259263	36.218987	0.005494	6.593048	241
430149.307751	35.491306	0.005476	6.481530	242
430150.356266	35.008999	0.005498	6.368064	243
430151.405994	33.762470	0.005478	6.163540	244
430152.453317	33.833561	0.005495	6.156676	245
430153.503004	32.704605	0.005475	5.973252	246
430154.551262	32.288742	0.005485	5.887158	247
430155.569370	41.715267	0.005481	7.611307	248
430156.648257	30.603687	0.005483	5.581269	249
430157.666180	40.796028	0.005483	7.440912	250
430158.712364	41.262451	0.005488	7.518778	251
430159.761299	40.053684	0.005480	7.308620	252
430160.811409	38.946426	0.005489	7.095781	253
430161.857914	38.363766	0.005490	6.987605	254
430162.905986	38.099373	0.005480	6.952849	255
430163.957662	35.692139	0.005487	6.504562	0
430165.005874	35.475624	0.005492	6.459367	1
430166.052008	35.170979	0.005489	6.408044	2
430167.101942	34.533661	0.005477	6.304846	3
430168.154061	32.352776	0.005472	5.912122	4
430169.198087	34.251877	0.005493	6.235089	5
430170.246179	33.249119	0.005496	6.049818	6
430171.298150	31.710894	0.005478	5.788281	7
430172.315065	41.080063	0.005469	7.512001	8
430173.397133	29.215445	0.005468	5.342910	9
430174.408318	41.334538	0.005482	7.540339	10
430175.460390	40.489006	0.005488	7.377425	11
430176.506279	40.217426	0.005482	7.335735	12
430177.554469	39.903957	0.005482	7.279723	13
430178.602525	38.322178	0.005493	6.976933	14
430179.651260	37.971115	0.005479	6.930777	15
430180.703491	34.892864	0.005474	6.374696	16
430181.749175	36.279156	0.005478	6.623126	17
430182.799567	33.956112	0.005483	6.193129	18
430183.848141	33.909142	0.005491	6.175100	19
430184.894115	33.849552	0.005491	6.164258	20
430185.945450	32.781723	0.005482	5.979748	21
430186.992770	32.415585	0.005489	5.905200	22
430188.039685	32.800377	0.005490	5.974189	23
430189.055702	42.090157	0.005482	7.678120	24
430190.103770	42.822258	0.005497	7.790373	25
430191.155853	40.699871	0.005484	7.421191	26
430192.201796	41.231815	0.005484	7.518270	27
430193.253726	38.755116	0.005470	7.085029	28
430194.298802	39.612835	0.005486	7.220368	29
430195.348945	37.465416	0.005485	6.831035	30
430196.397553	36.944351	0.005491	6.728094	31
430197.444094	36.605587	0.005507	6.647314	32
430198.493040	36.265793	0.005482	6.615463	33
430199.541095	35.097340	0.005491	6.391222	34
430200.589153	34.966419	0.005478	6.383101	35
430201.639043	33.859051	0.005478	6.180631	36
430202.684653	34.693371	0.005496	6.312576	37
430203.736411	33.237743	0.005477	6.068416	38
430204.784528	33.754402	0.005485	6.153982	39
430205.800605	42.200050	0.005478	7.703621	40
430206.875289	33.739056	0.005471	6.166918	41
430207.897619	41.369663	0.005469	7.564406	42
430208.948811	40.619160	0.005466	7.431090	43
430209.993821	40.578976	0.005493	7.386935	44
430211.043702	39.669102	0.005482	7.235837	45
430212.095890	37.027145	0.005475	6.763389	46
430213.139879	38.048462	0.005477	6.947108	47
430214.187961	36.647221	0.005478	6.689551	48
430215.237868	35.831924	0.005482	6.535970	49
430216.285981	33.792900	0.005486	6.159915	50
430217.334049	34.853619	0.005472	6.370022	51
430218.382162	34.008644	0.005476	6.210018	52
430219.434706	32.888977	0.005491	5.990036	53
430220.446726	42.780647	0.005480	7.806325	54
430221.528733	32.455948	0.005480	5.922592	55
430222.544752	41.935787	0.005481	7.651803	56
430223.626660	31.752626	0.005477	5.797719	57
430224.644501	40.286911	0.005474	7.359509	58
430225.689513	41.499687	0.005483	7.568937	59
430226.738026	40.067482	0.005476	7.316771	60
430227.787973	39.690647	0.005483	7.239334	61
430228.838960	37.181683	0.005473	6.794068	62
430229.884163	38.337879	0.005500	6.970883	63
430230.933962	36.528664	0.005488	6.655818	64
430231.982121	36.241608	0.005482	6.610474	65
430233.033919	34.088291	0.005474	6.227463	66
430234.081249	34.281651	0.005489	6.246052	67
430235.129295	34.407967	0.005490	6.266830	68
430236.175828	33.969952	0.005492	6.185395	69
430237.224647	47.559635	0.005483	8.674603	70
430238.273811	32.389614	0.005468	5.923631	71
430239.289602	41.997810	0.005473	7.674288	72
430240.372053	30.149048	0.005489	5.492620	73
430241.386037	41.793037	0.005493	7.607892	74
430242.436084	41.014580	0.005493	7.466412	75
430243.484633	41.056072	0.005490	7.478044	76
430244.532500	39.522797	0.005482	7.209138	77
430245.580672	38.442917	0.005484	7.010475	78
430246.628682	39.454620	0.005492	7.184148	79
430247.678317	36.511532	0.005478	6.664664	80
430248.728771	35.236217	0.005486	6.422938	81
430249.774751	35.142300	0.005488	6.403440	82
430250.822828	34.952293	0.005487	6.370000	83
430251.872645	34.279537	0.005481	6.253937	84
430252.920862	33.621689	0.005480	6.135218	85
430253.971496	32.307449	0.005489	5.885624	86
430255.020902	31.408220	0.005472	5.739877	87
430256.036140	41.712151	0.005480	7.611267	88
430257.114258	31.212780	0.005490	5.685752	89
430258.132204	41.254433	0.005499	7.502535	90
430259.182307	40.611206	0.005484	7.404892	91
430260.228276	40.122730	0.005476	7.326919	92
430261.280393	38.748112	0.005476	7.076595	93
430262.324451	38.678429	0.005488	7.047226	94
430263.392590	30.789013	0.005491	5.606983	95
430264.421900	36.630348	0.005493	6.668058	96
430265.471982	35.828926	0.005487	6.529955	97
430266.520560	34.532249	0.005488	6.292879	98
430267.567156	35.316730	0.005495	6.426847	99
430268.617045	33.619415	0.005487	6.127223	100
430269.665223	33.865696	0.005483	6.176808	101
430270.713722	32.866299	0.005483	5.993810	102
430271.761779	33.111790	0.005493	6.028203	103
430272.777805	42.385284	0.005489	7.721707	104
430273.859769	31.447035	0.005483	5.735610	105
430274.877873	41.060284	0.005487	7.482954	106
430275.942391	36.364002	0.005485	6.629873	107
430276.971896	40.549103	0.005478	7.401534	108
430278.021490	40.121574	0.005479	7.322394	109
430279.069911	38.303253	0.005478	6.991638	110
430280.117973	38.553177	0.005487	7.025779	111
430281.168057	36.047081	0.005485	6.571710	112
430282.214646	36.544807	0.005492	6.654257	113
430283.264412	34.680798	0.005480	6.328728	114
430284.311352	35.590561	0.005480	6.494494	115
430285.361267	33.682732	0.005477	6.149420	116
430286.410128	33.705734	0.005488	6.141279	117
430287.458684	32.804916	0.005481	5.985470	118
430288.511773	30.853235	0.005459	5.651460	119
430289.525837	41.477211	0.005477	7.572769	120
430290.603832	31.052603	0.005483	5.663459	121
430291.620258	41.317795	0.005477	7.544200	122
430292.672520	40.141415	0.005473	7.334960	123
430293.718557	39.689327	0.005482	7.239666	124
430294.767975	38.859016	0.005475	7.097952	125
430295.813103	38.842270	0.005481	7.087173	126
430296.861697	38.303440	0.005481	6.987965	127
430297.913755	35.745232	0.005483	6.519113	128
430298.960210	36.016663	0.005484	6.567342	129
430300.008656	34.967163	0.005480	6.380749	130
430301.057248	34.540344	0.005484	6.298677	131
430302.105295	34.029987	0.005487	6.202251	132
430303.155354	33.483894	0.005483	6.107033	133
430304.203195	33.116070	0.005484	6.039019	134
430305.251394	32.547176	0.005482	5.937281	135
430306.267318	41.947193	0.005467	7.673103	136
430307.350037	30.500328	0.005493	5.552592	137
430308.366039	41.102303	0.005486	7.492875	138
430309.412101	41.757504	0.005492	7.603534	139
430310.460177	40.753452	0.005482	7.433784	140
430311.510106	39.911812	0.005487	7.274370	141
430312.558135	38.749813	0.005487	7.062001	142
430313.608209	37.717125	0.005495	6.863677	143
430314.655150	36.778019	0.005490	6.699273	144
430315.704466	36.224796	0.005498	6.588716	145
430316.755243	34.520947	0.005496	6.281486	146
430317.801204	34.976955	0.005485	6.377018	147
430318.850131	33.769028	0.005480	6.162444	148
430319.898178	34.008873	0.005498	6.185565	149
430320.946267	33.377876	0.005495	6.074295	150
430321.996139	32.672955	0.005483	5.958502	151
430323.010377	42.274868	0.005477	7.718765	152
430324.092289	31.366394	0.005491	5.712453	153
430325.108316	41.488110	0.005487	7.561521	154
430326.156873	41.968964	0.005495	7.637034	155
430327.206897	40.292423	0.005502	7.323265	156
430328.254795	39.957108	0.005482	7.289218	157
430329.302916	38.417358	0.005478	7.013657	158
430330.350982	38.461407	0.005487	7.008942	159
430331.399499	36.745312	0.005489	6.694796	160
430332.447592	36.814907	0.005477	6.721324	161
430333.497468	35.219269	0.005488	6.417288	162
430334.545984	34.816162	0.005489	6.343162	163
430335.594758	33.628094	0.005477	6.139476	164
430336.645028	33.370770	0.005484	6.085043	165
430337.691032	33.109890	0.005492	6.028412	166
430338.739139	33.165703	0.005485	6.046907	167
430339.757109	42.161442	0.005514	7.646853	168
430340.837575	30.903950	0.005479	5.640167	169
430341.850953	42.065166	0.005476	7.681147	170
430342.902124	41.409145	0.005482	7.553974	171
430343.950265	40.578484	0.005482	7.401617	172
430344.998373	40.048725	0.005499	7.283336	173
430346.046478	39.164150	0.005516	7.099615	174
430347.096350	38.057053	0.005485	6.938078	175
430348.146517	35.989948	0.005483	6.564327	176
430349.192538	36.396828	0.005488	6.631551	177
430350.241042	35.650681	0.005497	6.485255	178
430351.290765	34.553055	0.005478	6.307580	179
430352.339422	34.185436	0.005481	6.236698	180
430353.387640	33.540276	0.005480	6.120214	181
430354.437766	32.644394	0.005507	5.928295	182
430355.483797	33.002380	0.005495	6.006182	183
430356.499752	42.299511	0.005487	7.709044	184
430357.581736	31.061522	0.005499	5.648424	185
430358.597755	41.519707	0.005482	7.574486	186
430359.645829	41.760841	0.005488	7.609434	187
430360.695890	39.918339	0.005489	7.272388	188
430361.746678	38.917664	0.005472	7.112245	189
430362.791926	38.565144	0.005485	7.031650	190
430363.840467	38.141830	0.005485	6.953512	191
430364.891793	35.540642	0.005471	6.496121	192
430365.937058	36.610718	0.005481	6.679409	193
430366.985800	33.692982	0.005480	6.148726	194
430368.039215	33.330601	0.005473	6.089576	195
430369.083694	33.789562	0.005486	6.159467	196
430370.131739	33.945389	0.005483	6.191534	197
430371.179813	33.182564	0.005492	6.042151	198
430372.229547	42.033257	0.005485	7.663354	199
430373.243883	42.365692	0.005478	7.733346	200
430374.325977	31.193075	0.005513	5.657702	201
430375.341968	41.571739	0.005487	7.576335	202
430376.392092	41.362049	0.005487	7.537693	203
430377.438549	40.485947	0.005475	7.394145	204
430378.486667	41.059933	0.005479	7.494450	205
430379.538675	37.691898	0.005489	6.867082	206
430380.585151	38.055134	0.005482	6.941453	207
430381.635308	35.876667	0.005484	6.542555	208
430382.681311	36.638378	0.005499	6.662544	209
430383.733065	34.407940	0.005481	6.277362	210
430384.779353	34.786037	0.005485	6.341770	211
430385.827419	34.051357	0.005491	6.200938	212
430386.875507	34.102921	0.005490	6.211562	213
430387.925610	32.930088	0.005497	5.990968	214
430388.973961	33.123737	0.005484	6.039665	215
430389.989698	42.031651	0.005478	7.673289	216
430391.070685	31.371239	0.005484	5.720805	217
430392.086678	41.534149	0.005480	7.579854	218
430393.134730	41.638775	0.005490	7.583897	219
430394.183681	40.571095	0.005486	7.395176	220
430395.233796	39.378674	0.005489	7.174013	221
430396.279872	39.179619	0.005497	7.126945	222
430397.329728	37.891781	0.005482	6.912226	223
430398.381922	35.311855	0.005476	6.448528	224
430399.426446	37.311222	0.005483	6.805341	225
430400.474433	35.426983	0.005490	6.453093	226
430401.522539	35.073425	0.005474	6.407103	227
430402.572391	34.144577	0.005493	6.215968	228
430403.623262	32.707767	0.005475	5.974012	229
430404.670526	32.794819	0.005473	5.991900	230
430405.717033	33.115940	0.005487	6.034841	231
430406.733097	42.537251	0.005497	7.737687	232
430407.815101	31.060415	0.005483	5.665149	233
430408.833686	40.819382	0.005483	7.445232	234
430409.878324	42.452930	0.005477	7.751001	235
430410.928207	41.738346	0.005483	7.611677	236
430411.976256	40.036228	0.005476	7.311383	237
430413.025216	38.615303	0.005487	7.037532	238
430414.075328	37.765842	0.005501	6.865312	239
430415.122583	36.511280	0.005475	6.668307	240
430416.171252	36.451145	0.005483	6.648436	241
430417.222206	34.444946	0.005480	6.285201	242
430418.269454	34.985298	0.005496	6.366021	243
430419.317153	33.798225	0.005483	6.164462	244
430420.365522	33.766842	0.005469	6.173877	245
430421.416094	32.259487	0.005493	5.873245	246
430422.464631	32.243881	0.005482	5.882143	247
430423.478642	41.942760	0.005485	7.646274	248
430424.559159	31.614170	0.005488	5.760934	249
430425.575858	41.391232	0.005479	7.554052	250
430426.626202	41.072231	0.005481	7.493737	251
430427.672636	40.322548	0.005471	7.370339	252
430428.723648	39.531445	0.005477	7.218253	253
430429.768799	38.899685	0.005496	7.077347	254
430430.819716	37.739334	0.005490	6.874015	255
430431.865818	37.304512	0.005488	6.797031	0
430432.915784	36.244514	0.005479	6.615485	1
430433.963238	35.321224	0.005491	6.432436	2
430435.011824	35.208195	0.005489	6.413934	3
430436.059913	34.355892	0.005481	6.268261	4
430437.109758	33.940395	0.005486	6.187273	5
430438.158311	32.977863	0.005468	6.031019	6
430439.208452	32.339050	0.005492	5.888016	7
430440.222446	42.333057	0.005484	7.719222	8
430441.304357	30.959957	0.005473	5.656619	9
430442.319478	41.784050	0.005488	7.613122	10
430443.369586	41.205578	0.005493	7.501969	11
430444.416168	40.877937	0.005493	7.441658	12
430445.466002	40.273563	0.005485	7.343078	13
430446.515161	38.335812	0.005479	6.996518	14
430447.563060	37.896770	0.005484	6.910623	15
430448.611211	36.912991	0.005490	6.723935	16
430449.659735	36.491192	0.005472	6.668643	17
430450.709871	35.081184	0.005491	6.389012	18
430451.757317	34.934273	0.005485	6.369267	19
430452.804905	34.428642	0.005488	6.273400	20
430453.853002	34.114475	0.005484	6.220203	21
430454.902887	33.215759	0.005485	6.055251	22
430455.952965	32.355831	0.005514	5.867826	23
430456.969502	41.856186	0.005485	7.630467	24
430458.050056	30.499365	0.005487	5.558443	25
430459.064748	41.307232	0.005477	7.541283	26
430460.113349	41.481987	0.005482	7.567201	27
430461.163601	39.764992	0.005503	7.225715	28
430462.211651	39.285206	0.005472	7.178868	29
430463.260208	38.219997	0.005490	6.961498	30
430464.306286	38.539143	0.005488	7.022825	31
430465.356145	36.603924	0.005483	6.676496	32
430466.404289	36.374271	0.005487	6.629742	33
430467.452363	35.441792	0.005490	6.455227	34
430468.500856	35.110973	0.005468	6.421103	35
430469.548990	34.274734	0.005478	6.256814	36
430470.600981	33.141594	0.005486	6.041554	37
430471.647475	33.220695	0.005477	6.064969	38
430472.695583	33.084942	0.005491	6.025766	39
430473.710591	42.500866	0.005476	7.761875	40
430474.794644	30.660473	0.005489	5.585847	41
430475.811235	40.867458	0.005483	7.453844	42
430476.857186	41.816322	0.005484	7.625504	43
430477.907285	39.960770	0.005492	7.276605	44
430478.953280	40.433056	0.005470	7.391184	45
430480.005361	37.783489	0.005482	6.892795	46
430481.051320	38.371655	0.005499	6.977835	47
430482.101415	36.262405	0.005485	6.610998	48
430483.147982	36.636646	0.005493	6.670151	49
430484.197790	35.249264	0.005480	6.432121	50
430485.246007	34.815544	0.005481	6.352620	51
430486.294088	34.189552	0.005494	6.223403	52
430487.342185	34.339027	0.005491	6.254061	53
430488.392033	33.130169	0.005480	6.045166	54
430489.440198	33.092255	0.005471	6.048429	55
430490.456174	42.225502	0.005474	7.713571	56
430491.537577	31.089514	0.005505	5.647880	57
430492.552906	41.933071	0.005517	7.600608	58
430493.600977	41.857269	0.005490	7.624690	59
430494.649138	40.852184	0.005480	7.454975	60
430495.699032	39.844791	0.005486	7.262401	61
430496.747123	38.868149	0.005492	7.076698	62
430497.798139	37.752621	0.005500	6.864412	63
430498.844163	37.100075	0.005497	6.749253	64
430499.895150	35.493969	0.005486	6.469963	65
430500.941656	35.263504	0.005483	6.431621	66
430501.989771	34.148781	0.005500	6.208790	67
430503.039373	33.986496	0.005477	6.204989	68
430504.086406	33.232220	0.005480	6.064071	69
430505.136297	33.141541	0.005479	6.048863	70
430506.184303	33.048309	0.005494	6.015346	71
430507.203280	41.757893	0.005493	7.601776	72
430508.281720	31.083000	0.005473	5.679809	73
430509.296738	41.900837	0.005494	7.627257	74
430510.350780	40.067062	0.005477	7.315261	75
430511.393741	40.559593	0.005474	7.409046	76
430512.442663	40.438278	0.005496	7.357607	77
430513.492388	38.671391	0.005484	7.052048	78
430514.543831	36.795986	0.005461	6.737470	79
430515.588717	36.861267	0.005493	6.710515	80
430516.638829	36.046154	0.005490	6.566321	81
430517.685774	35.445080	0.005498	6.446670	82
430518.733866	35.492825	0.005492	6.463052	83
430519.782736	34.179161	0.005493	6.222234	84
430520.832325	33.864120	0.005479	6.180576	85
430521.881004	32.909000	0.005491	5.993790	86
430522.929252	32.814148	0.005483	5.984570	87
430523.945251	42.147102	0.005482	7.688693	88
430525.027419	30.896301	0.005495	5.622166	89
430526.043956	40.989254	0.005480	7.480315	90
430527.090416	41.773495	0.005472	7.634127	91
430528.138513	40.685879	0.005489	7.412686	92
430529.188271	45.639614	0.005484	8.322156	93
430530.238581	38.105156	0.005487	6.945087	94
430531.286652	38.786701	0.005489	7.066235	95
430532.333215	36.886444	0.005492	6.716345	96
430533.381279	36.649704	0.005495	6.669623	97
430534.433370	34.264259	0.005486	6.245615	98
430535.478008	35.292076	0.005483	6.436884	99
430536.527922	33.235607	0.005503	6.039218	100
430537.575969	33.938198	0.005490	6.182017	101
430538.626060	33.128109	0.005495	6.029132	102
430539.672970	32.989651	0.005491	6.007732	103
430540.691486	42.860870	0.005493	7.802215	104
430541.770009	31.409050	0.005483	5.728515	105
430542.785989	42.865990	0.005475	7.829140	106
430543.835167	41.775921	0.005502	7.592577	107
430544.883986	40.467365	0.005480	7.384476	108
430545.932083	39.960937	0.005491	7.277798	109
430546.980629	38.922264	0.005484	7.097716	110
430548.028695	38.420418	0.005501	6.984540	111
430549.078424	36.862968	0.005482	6.724973	112
430550.126712	36.085232	0.005478	6.587414	113
430551.174783	35.442909	0.005494	6.450777	114
430552.224935	34.441654	0.005488	6.275751	115
430553.272758	34.289932	0.005483	6.253780	116
430554.320914	33.721901	0.005483	6.150392	117
430555.371043	32.668720	0.005492	5.948452	118
430556.419055	32.738918	0.005498	5.954315	119
430557.435085	42.300549	0.005500	7.690763	120
430558.515032	31.247046	0.005486	5.695608	121
430559.531434	41.520405	0.005480	7.576953	122
430560.580038	41.481476	0.005476	7.575472	123
430561.632781	38.661388	0.005460	7.080226	124
430562.676748	40.169079	0.005484	7.324631	125
430563.724807	38.826687	0.005489	7.072949	126
430564.772902	39.035194	0.005498	7.100100	127
430565.822806	36.946587	0.005488	6.732826	128
430566.870952	36.885509	0.005491	6.717475	129
430567.919017	35.355186	0.005494	6.435278	130
430568.967089	35.593563	0.005500	6.471422	131
430570.017000	34.142990	0.005488	6.221652	132
430571.067162	33.423893	0.005483	6.095784	133
430572.116906	32.071926	0.005473	5.860250	134
430573.162572	33.371841	0.005486	6.083085	135
430574.178610	42.315102	0.005483	7.716846	136
430575.258780	31.566368	0.005492	5.747815	137
430576.276794	41.275185	0.005496	7.509868	138
430577.326403	41.124607	0.005488	7.493793	139
430578.373053	40.457382	0.005484	7.377572	140
430579.421301	40.170948	0.005480	7.330101	141
430580.469369	38.992043	0.005494	7.097720	142
430581.519463	38.057194	0.005498	6.922401	143
430582.566399	36.888561	0.005489	6.719887	144
430583.615037	36.874638	0.005486	6.721126	145
430584.667397	33.873688	0.005475	6.187026	146
430585.712487	35.013699	0.005487	6.381129	147
430586.762562	33.737598	0.005489	6.146430	148
430587.809109	34.110577	0.005494	6.209257	149
430588.858707	33.392120	0.005490	6.082331	150
430589.907115	32.753933	0.005484	5.972854	151
430590.923117	42.268139	0.005483	7.708742	152
430592.005315	30.697557	0.005491	5.590725	153
430593.019809	41.643520	0.005490	7.584762	154
430594.068355	41.736782	0.005483	7.612610	155
430595.118461	40.018772	0.005481	7.301672	156
430596.169409	38.548367	0.005480	7.034446	157
430597.217138	37.710037	0.005494	6.863472	158
430598.263035	37.994522	0.005483	6.929377	159
430599.311138	36.895775	0.005489	6.721265	160
430600.359188	36.619949	0.005495	6.664778	161
430601.408098	35.428593	0.005496	6.446050	162
430602.457046	35.061813	0.005502	6.372155	163
430603.507139	33.642006	0.005491	6.126383	164
430604.554076	33.970142	0.005483	6.195408	165
430605.602129	33.455643	0.005495	6.088604	166
430606.652142	32.816822	0.005497	5.969985	167
430607.668193	42.215424	0.005499	7.677264	168
430608.748629	31.104750	0.005471	5.685486	169
430609.764647	41.675133	0.005488	7.594283	170
430610.812763	41.879253	0.005485	7.635363	171
430611.860827	40.734722	0.005489	7.420531	172
430612.909338	40.531231	0.005482	7.393595	173
430613.959074	38.655643	0.005476	7.059639	174
430615.010292	37.024696	0.005468	6.771205	175
430616.055390	36.896000	0.005491	6.719039	176
430617.104335	36.365948	0.005486	6.628953	177
430618.152354	35.741463	0.005495	6.504485	178
430619.200414	35.589600	0.005481	6.493227	179
430620.252421	33.446133	0.005487	6.096017	180
432997.963061	33.998852	0.005509	6.171626	148
432999.010716	33.679855	0.005492	6.132098	149
433000.059086	32.695309	0.005512	5.931327	150
433001.109849	31.042168	0.005498	5.645577	151
433002.123586	41.941639	0.005493	7.635387	152
433003.191308	36.060879	0.005520	6.533143	153
433004.221429	41.729038	0.005480	7.615013	154
433005.268380	40.625839	0.005501	7.385326	155
433006.318030	39.421192	0.005491	7.178722	156
433007.364971	39.428635	0.005502	7.165715	157
433008.414872	37.397404	0.005498	6.802401	158
433009.465805	35.652870	0.005492	6.491786	159
433010.511049	36.452793	0.005498	6.630453	160
433011.563111	33.963455	0.005503	6.171783	161
433012.609452	34.452038	0.005490	6.275535	162
433013.659708	33.053711	0.005498	6.012362	163
433014.705703	33.787476	0.005490	6.154543	164
433015.753829	33.149719	0.005499	6.028058	165
433016.803679	33.171669	0.005495	6.036456	166
433017.851838	31.615160	0.005499	5.749296	167
433018.869950	41.583584	0.005495	7.567102	168
433019.915939	42.269852	0.005503	7.681417	169
433020.964859	41.366127	0.005494	7.529996	170
433022.015005	39.799858	0.005502	7.233307	171
433023.061038	40.285419	0.005505	7.318620	172
433024.110929	38.262009	0.005494	6.964147	173
433025.159080	37.863922	0.005501	6.883396	174
433026.207157	36.685410	0.005499	6.671118	175
433027.256746	36.152538	0.005546	6.518966	176
433028.305059	34.737457	0.005499	6.317358	177
433029.353132	34.980957	0.005502	6.357787	178
433030.401228	34.178024	0.005505	6.208564	179
433031.451185	33.612381	0.005490	6.122649	180
433032.499205	32.752617	0.005498	5.956759	181
433033.549315	32.780022	0.005512	5.947546	182
433034.597339	31.384211	0.005505	5.701086	183
433035.613904	41.715786	0.005494	7.593168	184
433036.662433	41.303577	0.005503	7.505654	185
433037.708949	41.490803	0.005501	7.542993	186
433038.757034	41.054325	0.005507	7.454910	187
433039.805142	40.075478	0.005488	7.301994	188
433040.855011	38.649826	0.005494	7.034904	189
433041.903089	37.847736	0.005499	6.882283	190
433042.952315	36.793907	0.005509	6.679115	191
433043.999646	36.499664	0.005491	6.647046	192
433045.049574	35.044544	0.005491	6.381999	193
433046.099859	33.779518	0.005496	6.146387	194
433047.148257	33.165947	0.005501	6.028532	195
433048.196237	51.997276	0.005503	9.449513	196
433049.246217	31.724844	0.005509	5.758958	197
433050.294193	33.591877	0.005500	6.107644	198
433051.344731	29.997271	0.005489	5.464986	199
433052.356702	41.980770	0.005494	7.641549	200
433053.408788	40.558033	0.005489	7.388750	201
433054.452813	41.779335	0.005506	7.587722	202
433055.502697	40.598663	0.005503	7.377297	203
433056.551232	39.658802	0.005493	7.220081	204
433057.599801	38.399136	0.005498	6.984790	205
433058.647841	38.155678	0.005483	6.959162	206
433059.697897	35.170025	0.005503	6.390741	207
433060.745658	35.092266	0.005496	6.385217	208
433061.792531	35.670319	0.005497	6.489456	209
433062.842402	34.845402	0.005482	6.356781	210
433063.890525	33.113937	0.005502	6.018894	211
433064.938615	34.040627	0.005502	6.187012	212
433065.987564	33.145851	0.005522	6.001993	213
433067.035719	33.073223	0.005492	6.022562	214
433068.084129	31.985798	0.005493	5.823153	215
433069.134073	25.950676	0.005495	4.722331	216
433070.151834	41.739643	0.005497	7.593530	217
433071.200190	40.752365	0.005497	7.413296	218
433072.246179	40.935322	0.005500	7.443075	219
433073.294261	40.183929	0.005490	7.319840	220
433074.347057	37.513145	0.005484	6.839882	221
433075.392235	39.023087	0.005499	7.096743	222
433076.440790	35.578918	0.005496	6.474059	223
433077.490859	35.822571	0.005499	6.513814	224
433078.537803	33.140236	0.005506	6.018535	225
433079.585889	34.583496	0.005500	6.287858	226
433080.634819	34.699192	0.005499	6.310042	227
433081.682902	33.323311	0.005495	6.064286	228
433082.732820	32.803825	0.005499	5.965274	229
433083.748593	41.785133	0.005485	7.618092	230
433084.828945	32.580425	0.005506	5.917754	231
433085.845015	42.206715	0.005519	7.648094	232
433086.896695	41.177311	0.005487	7.504973	233
433087.942003	40.871231	0.005502	7.427818	234
433088.991527	42.169449	0.005494	7.675336	235
433090.039953	39.128773	0.005482	7.138051	236
433091.090170	38.309521	0.005494	6.972435	237
433092.136203	37.463249	0.005506	6.804265	238
433093.184727	37.974209	0.005498	6.907452	239
433094.236808	34.417774	0.005509	6.247891	240
433095.282777	36.246269	0.005492	6.600357	241
433096.333769	31.061829	0.005492	5.655771	242
433097.379031	35.446976	0.005510	6.433460	243
433098.428828	33.070484	0.005491	6.022656	244
433099.476049	34.744278	0.005502	6.315230	245
433100.494028	42.503731	0.005498	7.730704	246
433101.574482	32.237934	0.005492	5.869747	247
433102.589891	41.386410	0.005492	7.536448	248
433103.637935	42.567677	0.005506	7.731842	249
433104.690744	38.579063	0.005482	7.037305	250
433105.738047	40.811657	0.005496	7.425483	251
433106.784023	38.227436	0.005499	6.951619	252
433107.834084	40.627060	0.005498	7.388810	253
433108.884756	35.287624	0.005488	6.429494	254
433109.930000	37.936218	0.005497	6.901387	255
433110.980029	34.427078	0.005505	6.253574	0
433112.026195	37.334038	0.005503	6.784367	1
433113.076056	33.779686	0.005490	6.152806	2
433114.126259	34.641968	0.005500	6.298358	3
433115.174259	32.285679	0.005501	5.869264	4
433116.220309	34.405056	0.005488	6.268940	5
433117.236311	42.367828	0.005508	7.692087	6
433118.318330	32.488338	0.005497	5.910476	7
433119.334310	41.182686	0.005476	7.519957	8
433120.382414	42.702827	0.005499	7.765753	9
433121.432985	41.100609	0.005514	7.453707	10
433122.483764	40.228664	0.005484	7.335235	11
433123.531935	36.209591	0.005489	6.596797	12
433124.577721	38.431248	0.005496	6.992909	13
433125.628034	36.495209	0.005494	6.642418	14
433126.674044	36.888081	0.005505	6.700802	15
433127.724083	35.567604	0.005503	6.463120	16
433128.774157	34.725780	0.005507	6.305904	17
433129.820118	34.505123	0.005497	6.277210	18
433130.856800	38.766521	0.005510	7.035547	19
433131.916737	33.917568	0.005507	6.159020	20
433132.963138	34.272690	0.005475	6.259651	21
433133.980848	43.026806	0.005502	7.819957	22
433135.062826	31.658552	0.005496	5.760027	23
433136.078806	42.017361	0.005500	7.639632	24
433137.129746	41.242870	0.005485	7.519254	25
433138.171117	42.144035	0.005480	7.689825	26
433139.223845	40.577892	0.005489	7.392964	27
433140.271956	39.183266	0.005478	7.152653	28
433141.321817	38.817425	0.005494	7.065661	29
433142.371804	36.697273	0.005508	6.661938	30
433143.421895	35.318203	0.005477	6.448977	31
433144.466868	36.037731	0.005507	6.543490	32
433145.515409	35.645874	0.005503	6.477916	33
433146.564671	34.811676	0.005501	6.328651	34
433147.613449	34.291008	0.005496	6.238761	35
433148.664076	32.952980	0.005499	5.992282	36
433149.710055	33.165188	0.005502	6.027956	37
433150.725026	43.177628	0.005470	7.893353	38
433151.807058	31.567986	0.005504	5.735826	39
433152.823085	41.902031	0.005495	7.625421	40
433153.871625	41.971947	0.005482	7.655973	41
433154.919699	41.021587	0.005502	7.456308	42
433155.968249	40.622475	0.005501	7.384656	43
433157.018049	39.036682	0.005497	7.101550	44
433158.068351	37.731331	0.005495	6.866948	45
433159.114353	37.106506	0.005500	6.747160	46
433160.162403	37.615822	0.005512	6.824660	47
433161.212278	34.968739	0.005490	6.369663	48
433162.262457	35.258976	0.005494	6.417745	49
433163.308462	35.755287	0.005502	6.499014	50
433164.359476	33.125992	0.005501	6.021792	51
433165.405542	34.080673	0.005505	6.191339	52
433166.454082	33.419628	0.005505	6.071141	53
433167.470101	42.821213	0.005503	7.781476	54
433168.552096	31.414478	0.005502	5.709792	55
433169.570897	40.990688	0.005485	7.472757	56
433170.618737	41.432762	0.005496	7.538223	57
433171.664737	40.884686	0.005495	7.440042	58
433172.712828	40.808372	0.005505	7.413242	59
433173.762309	38.796787	0.005490	7.067034	60
433174.812971	37.411659	0.005495	6.808330	61
433175.860947	36.549744	0.005500	6.645430	62
433176.909552	35.999123	0.005498	6.547732	63
433177.956114	35.688156	0.005514	6.472840	64
433179.004136	35.399094	0.005509	6.425959	65
433180.053857	34.831680	0.005488	6.346553	66
433181.102117	34.124763	0.005496	6.209547	67
433182.150205	33.827206	0.005504	6.146302	68
433183.199143	33.490730	0.005499	6.090441	69
433184.215146	42.619137	0.005492	7.760502	70
433185.296272	31.594809	0.005483	5.762814	71
433186.311283	42.279469	0.005502	7.684428	72
433187.364088	40.539909	0.005487	7.387738	73
433188.411390	40.113010	0.005495	7.299333	74
433189.457981	40.338387	0.005493	7.343091	75
433190.505991	39.427670	0.005508	7.157964	76
433191.556062	38.490429	0.005500	6.998734	77
433192.603944	36.889557	0.005491	6.718701	78
433193.654035	36.184521	0.005493	6.587454	79
433194.700190	36.095276	0.005503	6.558635	80
433195.749089	35.262440	0.005500	6.410837	81
433196.798010	34.553707	0.005496	6.287457	82
433197.846021	34.052864	0.005481	6.212362	83
433198.896164	54.788002	0.005510	9.942775	84
433199.944064	33.169575	0.005491	6.040576	85
433200.958311	43.385395	0.005491	7.901470	86
433202.042222	30.578396	0.005502	5.557372	87
433203.056274	41.923450	0.005498	7.624855	88
433204.106367	41.676289	0.005507	7.567850	89
433205.154213	40.537384	0.005494	7.378316	90
433206.204900	39.109013	0.005496	7.115924	91
433207.251311	38.926407	0.005493	7.085979	92
433208.299412	38.293262	0.005494	6.969510	93
433209.347465	37.148624	0.005512	6.739462	94
433210.396904	36.239376	0.005502	6.587068	95
433211.445438	35.566532	0.005494	6.473339	96
433212.494242	41.186295	0.005496	7.493549	97
433213.544488	33.966446	0.005503	6.172138	98
433214.590441	34.202068	0.005497	6.221516	99
433215.641408	33.115273	0.005518	6.000799	100
433216.704949	26.860954	0.005482	4.899441	101
433217.703910	42.221657	0.005490	7.691340	102
433218.784124	31.928043	0.005499	5.806016	103
433219.802131	41.997417	0.005516	7.614008	104
433220.852141	41.102650	0.005496	7.479163	105
433221.898086	40.744293	0.005494	7.415642	106
433222.946191	40.708595	0.005500	7.401253	107
433223.995682	38.523365	0.005486	7.022625	108
433225.047250	37.336155	0.005489	6.802368	109
433226.091817	37.319016	0.005507	6.776999	110
433227.140349	36.815434	0.005502	6.691549	111
433228.190110	35.172337	0.005490	6.407143	112
433229.238390	35.231739	0.005496	6.410037	113
433230.286473	34.647995	0.005502	6.297678	114
433231.335024	34.365028	0.005502	6.245852	115
433232.383106	33.765411	0.005504	6.134353	116
433233.432960	32.942921	0.005492	5.997963	117
433234.453123	41.500942	0.005494	7.553441	118
433235.529119	31.575779	0.005496	5.744819	119
433236.544226	42.493488	0.005487	7.744646	120
433237.584332	44.666012	0.005492	8.132468	121
433238.642179	41.583580	0.005496	7.566125	122
433239.691270	40.680378	0.005509	7.383869	123
433240.740234	38.795208	0.005510	7.041229	124
433241.788240	38.656586	0.005493	7.038031	125
433242.838361	36.818794	0.005496	6.698709	126
433243.886865	36.885494	0.005505	6.700743	127
433244.934584	35.272076	0.005492	6.421953	128
433245.983160	43.208591	0.005487	7.874176	129
433247.031454	34.692230	0.005494	6.314190	130
433248.081571	33.445694	0.005499	6.082487	131
433249.129577	33.243301	0.005502	6.042329	132
433250.176169	33.402958	0.005502	6.070507	133
433251.196257	41.815216	0.005489	7.618567	134
433252.274265	31.183167	0.005496	5.673882	135
433253.290182	41.792873	0.005485	7.619823	136
433254.340445	41.101856	0.005498	7.476415	137
433255.388448	40.501450	0.005498	7.366476	138
433256.434557	40.455017	0.005492	7.365748	139
433257.484697	47.099522	0.005494	8.573594	140
433258.533050	38.283665	0.005490	6.973454	141
433259.581568	37.049503	0.005491	6.747407	142
433260.631663	36.115856	0.005495	6.572239	143
433261.677667	35.855274	0.005500	6.518774	144
