crossing time (s)	slope (V/s)	crossing number
281474976710655.000000	10.894298	5136	429644873728.000000
281474976710655.000000	11.020201	5137	429645922304.000000
281474976710655.000000	10.680242	5138	429646970880.000000
281474976710655.000000	10.613227	5139	429648019456.000000
281474976710655.000000	10.538870	5140	429649068032.000000
281474976710655.000000	10.538552	5141	429650116608.000000
281474976710655.000000	10.625907	5142	429651132416.000000
281474976710655.000000	10.689124	5143	429652213760.000000
281474976710655.000000	10.676518	5144	429653229568.000000
281474976710655.000000	11.386209	5145	429654278144.000000
281474976710655.000000	11.008521	5146	429655326720.000000
281474976710655.000000	11.083269	5147	429656375296.000000
281474976710655.000000	11.006990	5148	429657423872.000000
281474976710655.000000	11.233503	5149	429658472448.000000
281474976710655.000000	10.791578	5150	429659521024.000000
281474976710655.000000	11.219973	5151	429660569600.000000
281474976710655.000000	10.688648	5152	429661618176.000000
281474976710655.000000	10.855578	5153	429662666752.000000
281474976710655.000000	10.365798	5154	429663715328.000000
281474976710655.000000	10.512074	5155	429664763904.000000
281474976710655.000000	10.430173	5156	429665812480.000000
281474976710655.000000	10.606666	5157	429666861056.000000
281474976710655.000000	10.496311	5158	429667876864.000000
281474976710655.000000	10.649581	5159	429668958208.000000
281474976710655.000000	10.973998	5160	429669974016.000000
281474976710655.000000	10.790135	5161	429671022592.000000
281474976710655.000000	11.320814	5162	429672071168.000000
281474976710655.000000	11.108453	5163	429673119744.000000
281474976710655.000000	11.182565	5164	429674168320.000000
281474976710655.000000	11.098102	5165	429675216896.000000
281474976710655.000000	11.298418	5166	429676265472.000000
281474976710655.000000	10.820564	5167	429677314048.000000
281474976710655.000000	10.890641	5168	429678362624.000000
281474976710655.000000	10.779449	5169	429679411200.000000
281474976710655.000000	10.642943	5170	429680459776.000000
281474976710655.000000	10.817302	5171	429681508352.000000
281474976710655.000000	10.326342	5172	429682524160.000000
281474976710655.000000	10.840342	5173	429683605504.000000
281474976710655.000000	10.805695	5174	429684621312.000000
281474976710655.000000	10.716056	5175	429685702656.000000
281474976710655.000000	10.575471	5176	429686718464.000000
281474976710655.000000	11.098626	5177	429687767040.000000
281474976710655.000000	11.121275	5178	429688815616.000000
281474976710655.000000	10.920702	5179	429689864192.000000
281474976710655.000000	11.087843	5180	429690912768.000000
281474976710655.000000	11.131575	5181	429691961344.000000
281474976710655.000000	10.989214	5182	429693009920.000000
281474976710655.000000	10.779416	5183	429694058496.000000
281474976710655.000000	10.759652	5184	429695107072.000000
281474976710655.000000	10.910726	5185	429696155648.000000
281474976710655.000000	11.016266	5186	429697204224.000000
281474976710655.000000	10.775642	5187	429698252800.000000
281474976710655.000000	10.595012	5188	429699301376.000000
281474976710655.000000	10.909024	5189	429700349952.000000
281474976710655.000000	10.562365	5190	429701365760.000000
281474976710655.000000	10.903539	5191	429702447104.000000
281474976710655.000000	10.735049	5192	429703462912.000000
281474976710655.000000	12.147337	5193	429704511488.000000
281474976710655.000000	11.106672	5194	429705560064.000000
281474976710655.000000	10.949236	5195	429706608640.000000
281474976710655.000000	10.990119	5196	429707657216.000000
281474976710655.000000	11.114303	5197	429708705792.000000
281474976710655.000000	10.865598	5198	429709754368.000000
281474976710655.000000	11.110809	5199	429710802944.000000
281474976710655.000000	10.623600	5200	429711851520.000000
281474976710655.000000	10.457027	5201	429712900096.000000
281474976710655.000000	10.867694	5202	429713948672.000000
281474976710655.000000	10.842072	5203	429714997248.000000
281474976710655.000000	10.544833	5204	429716045824.000000
281474976710655.000000	10.617794	5205	429717094400.000000
281474976710655.000000	10.626957	5206	429718110208.000000
281474976710655.000000	10.713859	5207	429719191552.000000
281474976710655.000000	10.747471	5208	429720207360.000000
281474976710655.000000	11.254922	5209	429721255936.000000
281474976710655.000000	11.135303	5210	429722304512.000000
281474976710655.000000	11.361043	5211	429723353088.000000
281474976710655.000000	11.395467	5212	429724401664.000000
281474976710655.000000	11.310901	5213	429725450240.000000
281474976710655.000000	10.750458	5214	429726498816.000000
281474976710655.000000	10.591585	5215	429727547392.000000
281474976710655.000000	10.634622	5216	429728595968.000000
281474976710655.000000	10.843657	5217	429729644544.000000
281474976710655.000000	10.610861	5218	429730693120.000000
281474976710655.000000	10.769732	5219	429731741696.000000
281474976710655.000000	10.649043	5220	429732790272.000000
281474976710655.000000	10.615923	5221	429733838848.000000
281474976710655.000000	10.520329	5222	429734854656.000000
281474976710655.000000	10.831884	5223	429735936000.000000
281474976710655.000000	10.805838	5224	429736951808.000000
281474976710655.000000	10.922999	5225	429738000384.000000
281474976710655.000000	11.130643	5226	429739048960.000000
281474976710655.000000	11.392076	5227	429740097536.000000
281474976710655.000000	11.309744	5228	429741146112.000000
281474976710655.000000	11.008797	5229	429742194688.000000
281474976710655.000000	11.226005	5230	429743243264.000000
281474976710655.000000	11.014612	5231	429744291840.000000
281474976710655.000000	10.432152	5232	429745340416.000000
281474976710655.000000	10.711832	5233	429746388992.000000
281474976710655.000000	10.592733	5234	429747437568.000000
281474976710655.000000	10.666336	5235	429748486144.000000
281474976710655.000000	10.406414	5236	429749534720.000000
281474976710655.000000	10.625826	5237	429750583296.000000
281474976710655.000000	10.358665	5238	429751599104.000000
281474976710655.000000	10.738829	5239	429752680448.000000
281474976710655.000000	10.735875	5240	429753696256.000000
281474976710655.000000	10.718676	5241	429754744832.000000
281474976710655.000000	11.094419	5242	429755793408.000000
281474976710655.000000	10.938620	5243	429756841984.000000
281474976710655.000000	11.344198	5244	429757890560.000000
281474976710655.000000	11.129483	5245	429758939136.000000
281474976710655.000000	10.889181	5246	429759987712.000000
281474976710655.000000	11.067344	5247	429761036288.000000
281474976710655.000000	10.717085	5248	429762084864.000000
281474976710655.000000	10.854632	5249	429763133440.000000
281474976710655.000000	10.535219	5250	429764182016.000000
281474976710655.000000	10.565973	5251	429765230592.000000
281474976710655.000000	10.562783	5252	429766279168.000000
281474976710655.000000	10.494666	5253	429767327744.000000
281474976710655.000000	10.497985	5254	429768343552.000000
281474976710655.000000	10.629465	5255	429769424896.000000
281474976710655.000000	10.603073	5256	429770440704.000000
281474976710655.000000	11.017479	5257	429771489280.000000
281474976710655.000000	11.163357	5258	429772537856.000000
281474976710655.000000	11.499769	5259	429773586432.000000
281474976710655.000000	11.266982	5260	429774635008.000000
281474976710655.000000	11.138433	5261	429775683584.000000
281474976710655.000000	11.168491	5262	429776732160.000000
281474976710655.000000	10.801525	5263	429777780736.000000
281474976710655.000000	10.770339	5264	429778829312.000000
281474976710655.000000	10.569560	5265	429779877888.000000
281474976710655.000000	10.576066	5266	429780926464.000000
281474976710655.000000	10.514893	5267	429781975040.000000
281474976710655.000000	10.687469	5268	429783023616.000000
281474976710655.000000	10.650393	5269	429784072192.000000
281474976710655.000000	10.355055	5270	429785088000.000000
281474976710655.000000	10.868707	5271	429786169344.000000
281474976710655.000000	10.672586	5272	429787185152.000000
281474976710655.000000	10.928030	5273	429788233728.000000
281474976710655.000000	11.216286	5274	429789282304.000000
281474976710655.000000	11.356463	5275	429790330880.000000
281474976710655.000000	11.315782	5276	429791379456.000000
281474976710655.000000	11.158752	5277	429792428032.000000
281474976710655.000000	11.306105	5278	429793476608.000000
281474976710655.000000	10.930800	5279	429794525184.000000
281474976710655.000000	10.798816	5280	429795573760.000000
281474976710655.000000	10.878042	5281	429796622336.000000
281474976710655.000000	10.476354	5282	429797670912.000000
281474976710655.000000	10.716405	5283	429798719488.000000
281474976710655.000000	10.492429	5284	429799768064.000000
281474976710655.000000	10.450007	5285	429800816640.000000
281474976710655.000000	10.493462	5286	429801832448.000000
281474976710655.000000	10.742365	5287	429802913792.000000
281474976710655.000000	10.727044	5288	429803929600.000000
281474976710655.000000	10.833899	5289	429804978176.000000
281474976710655.000000	11.194191	5290	429806026752.000000
281474976710655.000000	11.027668	5291	429807075328.000000
281474976710655.000000	11.241023	5292	429808123904.000000
281474976710655.000000	11.151113	5293	429809172480.000000
281474976710655.000000	11.209641	5294	429810221056.000000
281474976710655.000000	10.967454	5295	429811269632.000000
281474976710655.000000	10.848612	5296	429812318208.000000
281474976710655.000000	10.697026	5297	429813366784.000000
281474976710655.000000	10.748736	5298	429814415360.000000
281474976710655.000000	10.628603	5299	429815463936.000000
281474976710655.000000	10.666639	5300	429816512512.000000
281474976710655.000000	10.567414	5301	429817561088.000000
281474976710655.000000	10.554908	5302	429818576896.000000
281474976710655.000000	10.745739	5303	429819658240.000000
281474976710655.000000	10.758724	5304	429820674048.000000
281474976710655.000000	11.162773	5305	429821722624.000000
281474976710655.000000	11.113998	5306	429822771200.000000
281474976710655.000000	11.464073	5307	429823819776.000000
281474976710655.000000	11.340143	5308	429824868352.000000
281474976710655.000000	11.126101	5309	429825916928.000000
281474976710655.000000	10.993984	5310	429826965504.000000
281474976710655.000000	10.953502	5311	429828014080.000000
281474976710655.000000	10.813075	5312	429829062656.000000
281474976710655.000000	10.938854	5313	429830111232.000000
281474976710655.000000	10.490454	5314	429831159808.000000
281474976710655.000000	10.710784	5315	429832208384.000000
281474976710655.000000	10.416361	5316	429833256960.000000
281474976710655.000000	10.614152	5317	429834305536.000000
281474976710655.000000	10.808667	5318	429835321344.000000
281474976710655.000000	10.866953	5319	429836402688.000000
281474976710655.000000	10.720685	5320	429837418496.000000
281474976710655.000000	11.050528	5321	429838467072.000000
281474976710655.000000	11.161244	5322	429839515648.000000
281474976710655.000000	11.202551	5323	429840564224.000000
281474976710655.000000	10.970196	5324	429841612800.000000
281474976710655.000000	11.240900	5325	429842661376.000000
281474976710655.000000	11.127154	5326	429843709952.000000
281474976710655.000000	11.130316	5327	429844758528.000000
281474976710655.000000	10.661981	5328	429845807104.000000
281474976710655.000000	10.918371	5329	429846855680.000000
281474976710655.000000	10.453203	5330	429847904256.000000
281474976710655.000000	10.617333	5331	429848952832.000000
281474976710655.000000	10.423944	5332	429850001408.000000
281474976710655.000000	10.540595	5333	429851049984.000000
281474976710655.000000	10.503490	5334	429852065792.000000
281474976710655.000000	10.765807	5335	429853147136.000000
281474976710655.000000	10.670221	5336	429854162944.000000
281474976710655.000000	11.003321	5337	429855211520.000000
281474976710655.000000	11.216696	5338	429856260096.000000
281474976710655.000000	11.277749	5339	429857308672.000000
281474976710655.000000	11.237044	5340	429858357248.000000
281474976710655.000000	11.260361	5341	429859405824.000000
281474976710655.000000	11.158902	5342	429860454400.000000
281474976710655.000000	10.888774	5343	429861502976.000000
281474976710655.000000	10.778590	5344	429862551552.000000
281474976710655.000000	10.733555	5345	429863600128.000000
281474976710655.000000	10.813651	5346	429864648704.000000
281474976710655.000000	10.670084	5347	429865697280.000000
281474976710655.000000	10.454428	5348	429866745856.000000
281474976710655.000000	10.654191	5349	429867794432.000000
281474976710655.000000	10.716331	5350	429868810240.000000
281474976710655.000000	10.857691	5351	429869891584.000000
281474976710655.000000	10.871506	5352	429870907392.000000
281474976710655.000000	11.216992	5353	429871955968.000000
281474976710655.000000	11.147220	5354	429873004544.000000
281474976710655.000000	11.172894	5355	429874053120.000000
281474976710655.000000	11.112895	5356	429875101696.000000
281474976710655.000000	11.358590	5357	429876150272.000000
281474976710655.000000	11.160465	5358	429877198848.000000
281474976710655.000000	11.120681	5359	429878247424.000000
281474976710655.000000	10.774906	5360	429879296000.000000
281474976710655.000000	10.919026	5361	429880344576.000000
281474976710655.000000	10.585161	5362	429881393152.000000
281474976710655.000000	10.843517	5363	429882441728.000000
281474976710655.000000	10.552464	5364	429883490304.000000
281474976710655.000000	10.542196	5365	429884538880.000000
281474976710655.000000	10.710718	5366	429885554688.000000
281474976710655.000000	10.817776	5367	429886636032.000000
281474976710655.000000	10.680386	5368	429887651840.000000
281474976710655.000000	11.027143	5369	429888700416.000000
281474976710655.000000	11.155905	5370	429889748992.000000
281474976710655.000000	11.130761	5371	429890797568.000000
281474976710655.000000	11.313851	5372	429891846144.000000
281474976710655.000000	11.333048	5373	429892894720.000000
281474976710655.000000	11.142748	5374	429893943296.000000
281474976710655.000000	10.938235	5375	429894991872.000000
281474976710655.000000	10.830051	5376	429896040448.000000
281474976710655.000000	10.919557	5377	429897089024.000000
281474976710655.000000	10.723374	5378	429898137600.000000
281474976710655.000000	10.766212	5379	429899186176.000000
281474976710655.000000	10.508714	5380	429900234752.000000
281474976710655.000000	10.472511	5381	429901283328.000000
281474976710655.000000	10.678281	5382	429902299136.000000
281474976710655.000000	10.844909	5383	429903380480.000000
281474976710655.000000	10.671045	5384	429904396288.000000
281474976710655.000000	11.084349	5385	429905444864.000000
281474976710655.000000	11.062961	5386	429906493440.000000
281474976710655.000000	11.146141	5387	429907542016.000000
281474976710655.000000	11.005466	5388	429908590592.000000
281474976710655.000000	11.226130	5389	429909639168.000000
281474976710655.000000	10.967991	5390	429910687744.000000
281474976710655.000000	10.896634	5391	429911736320.000000
281474976710655.000000	10.719567	5392	429912784896.000000
281474976710655.000000	10.719267	5393	429913833472.000000
281474976710655.000000	10.692742	5394	429914882048.000000
281474976710655.000000	10.658397	5395	429915930624.000000
281474976710655.000000	10.458104	5396	429916979200.000000
281474976710655.000000	10.666623	5397	429918027776.000000
281474976710655.000000	10.748037	5398	429919043584.000000
281474976710655.000000	10.796644	5399	429920124928.000000
281474976710655.000000	10.780651	5400	429921140736.000000
281474976710655.000000	11.046988	5401	429922189312.000000
281474976710655.000000	10.990565	5402	429923237888.000000
281474976710655.000000	11.139853	5403	429924286464.000000
281474976710655.000000	11.394296	5404	429925335040.000000
281474976710655.000000	11.187012	5405	429926383616.000000
281474976710655.000000	11.032806	5406	429927432192.000000
281474976710655.000000	11.131306	5407	429928480768.000000
281474976710655.000000	10.824975	5408	429929529344.000000
281474976710655.000000	10.618397	5409	429930577920.000000
281474976710655.000000	10.430592	5410	429931626496.000000
281474976710655.000000	10.805120	5411	429932675072.000000
281474976710655.000000	10.467553	5412	429933723648.000000
281474976710655.000000	10.637608	5413	429934772224.000000
281474976710655.000000	10.858579	5414	429935788032.000000
281474976710655.000000	10.723657	5415	429936869376.000000
281474976710655.000000	10.790667	5416	429937885184.000000
281474976710655.000000	11.061701	5417	429938933760.000000
281474976710655.000000	11.026687	5418	429939982336.000000
281474976710655.000000	11.296560	5419	429941030912.000000
281474976710655.000000	11.147504	5420	429942079488.000000
281474976710655.000000	11.163021	5421	429943128064.000000
281474976710655.000000	11.176482	5422	429944176640.000000
281474976710655.000000	11.133188	5423	429945225216.000000
281474976710655.000000	10.644782	5424	429946273792.000000
281474976710655.000000	10.740480	5425	429947322368.000000
281474976710655.000000	10.625087	5426	429948370944.000000
281474976710655.000000	10.557529	5427	429949419520.000000
281474976710655.000000	10.384131	5428	429950468096.000000
281474976710655.000000	10.714952	5429	429951516672.000000
281474976710655.000000	10.530524	5430	429952565248.000000
281474976710655.000000	10.536126	5431	429953613824.000000
281474976710655.000000	10.657760	5432	429954629632.000000
281474976710655.000000	10.949633	5433	429955678208.000000
281474976710655.000000	11.287385	5434	429956726784.000000
281474976710655.000000	11.308519	5435	429957775360.000000
281474976710655.000000	11.273935	5436	429958823936.000000
281474976710655.000000	11.340480	5437	429959872512.000000
281474976710655.000000	11.285486	5438	429960921088.000000
281474976710655.000000	11.289784	5439	429961969664.000000
281474976710655.000000	10.952652	5440	429963018240.000000
281474976710655.000000	10.997813	5441	429964066816.000000
281474976710655.000000	10.546248	5442	429965115392.000000
281474976710655.000000	10.570294	5443	429966163968.000000
281474976710655.000000	10.441414	5444	429967212544.000000
281474976710655.000000	10.603578	5445	429968261120.000000
281474976710655.000000	10.727395	5446	429969276928.000000
281474976710655.000000	10.911838	5447	429970358272.000000
281474976710655.000000	10.651560	5448	429971374080.000000
281474976710655.000000	11.032414	5449	429972422656.000000
281474976710655.000000	11.145607	5450	429973471232.000000
281474976710655.000000	11.148917	5451	429974519808.000000
281474976710655.000000	11.319937	5452	429975568384.000000
281474976710655.000000	11.202699	5453	429976616960.000000
281474976710655.000000	11.059246	5454	429977665536.000000
281474976710655.000000	11.241548	5455	429978714112.000000
281474976710655.000000	10.889118	5456	429979762688.000000
281474976710655.000000	10.881549	5457	429980811264.000000
281474976710655.000000	10.593047	5458	429981859840.000000
281474976710655.000000	10.671586	5459	429982908416.000000
281474976710655.000000	10.449511	5460	429983956992.000000
281474976710655.000000	10.692731	5461	429985005568.000000
281474976710655.000000	10.489964	5462	429986054144.000000
281474976710655.000000	10.598483	5463	429987102720.000000
281474976710655.000000	10.765629	5464	429988118528.000000
281474976710655.000000	10.873619	5465	429989199872.000000
281474976710655.000000	10.891568	5466	429990215680.000000
281474976710655.000000	11.211766	5467	429991264256.000000
281474976710655.000000	11.247075	5468	429992312832.000000
281474976710655.000000	11.204667	5469	429993361408.000000
281474976710655.000000	11.188676	5470	429994409984.000000
281474976710655.000000	11.254838	5471	429995458560.000000
281474976710655.000000	10.954546	5472	429996507136.000000
281474976710655.000000	11.021700	5473	429997555712.000000
281474976710655.000000	10.699852	5474	429998604288.000000
281474976710655.000000	10.760353	5475	429999652864.000000
281474976710655.000000	10.554772	5476	430000701440.000000
281474976710655.000000	10.618180	5477	430001750016.000000
281474976710655.000000	10.679434	5478	430002798592.000000
281474976710655.000000	10.407543	5479	430003847168.000000
281474976710655.000000	10.613022	5480	430004862976.000000
281474976710655.000000	10.647629	5481	430005911552.000000
281474976710655.000000	11.088844	5482	430006960128.000000
281474976710655.000000	10.979975	5483	430008008704.000000
281474976710655.000000	11.155369	5484	430009057280.000000
281474976710655.000000	11.356884	5485	430010105856.000000
281474976710655.000000	11.241370	5486	430011154432.000000
281474976710655.000000	11.119112	5487	430012203008.000000
281474976710655.000000	10.887644	5488	430013251584.000000
281474976710655.000000	10.888747	5489	430014300160.000000
281474976710655.000000	10.763851	5490	430015348736.000000
281474976710655.000000	10.697531	5491	430016397312.000000
281474976710655.000000	10.646727	5492	430017445888.000000
281474976710655.000000	10.693810	5493	430018494464.000000
281474976710655.000000	10.455793	5494	430019510272.000000
281474976710655.000000	10.711253	5495	430020591616.000000
281474976710655.000000	10.786596	5496	430021607424.000000
281474976710655.000000	10.852064	5497	430022688768.000000
281474976710655.000000	10.854589	5498	430023704576.000000
281474976710655.000000	11.049642	5499	430024753152.000000
281474976710655.000000	10.974470	5500	430025801728.000000
281474976710655.000000	11.095535	5501	430026850304.000000
281474976710655.000000	11.144759	5502	430027898880.000000
281474976710655.000000	11.089286	5503	430028947456.000000
281474976710655.000000	10.907169	5504	430029996032.000000
281474976710655.000000	10.898428	5505	430031044608.000000
281474976710655.000000	10.698952	5506	430032093184.000000
281474976710655.000000	10.764112	5507	430033141760.000000
281474976710655.000000	10.743194	5508	430034190336.000000
281474976710655.000000	10.642136	5509	430035238912.000000
281474976710655.000000	10.477276	5510	430036254720.000000
281474976710655.000000	10.959413	5511	430037336064.000000
281474976710655.000000	10.853947	5512	430038351872.000000
281474976710655.000000	10.845610	5513	430039400448.000000
281474976710655.000000	10.797612	5514	430040449024.000000
281474976710655.000000	10.986009	5515	430041497600.000000
281474976710655.000000	10.976807	5516	430042546176.000000
281474976710655.000000	11.030634	5517	430043594752.000000
281474976710655.000000	11.021282	5518	430044643328.000000
281474976710655.000000	10.936234	5519	430045691904.000000
281474976710655.000000	10.668909	5520	430046740480.000000
281474976710655.000000	10.797282	5521	430047789056.000000
281474976710655.000000	10.621823	5522	430048837632.000000
281474976710655.000000	10.667684	5523	430049886208.000000
281474976710655.000000	10.645802	5524	430050934784.000000
281474976710655.000000	10.465856	5525	430051983360.000000
281474976710655.000000	10.783781	5526	430053031936.000000
281474976710655.000000	10.442473	5527	430054080512.000000
281474976710655.000000	10.603190	5528	430055096320.000000
281474976710655.000000	10.748988	5529	430056144896.000000
281474976710655.000000	11.019008	5530	430057193472.000000
281474976710655.000000	11.264482	5531	430058242048.000000
281474976710655.000000	11.296743	5532	430059290624.000000
281474976710655.000000	11.239661	5533	430060339200.000000
281474976710655.000000	10.944539	5534	430061387776.000000
281474976710655.000000	11.149617	5535	430062436352.000000
281474976710655.000000	10.923617	5536	430063484928.000000
281474976710655.000000	10.872495	5537	430064533504.000000
281474976710655.000000	10.717694	5538	430065582080.000000
281474976710655.000000	10.521770	5539	430066630656.000000
281474976710655.000000	10.422493	5540	430067679232.000000
281474976710655.000000	10.493695	5541	430068727808.000000
281474976710655.000000	10.678557	5542	430069743616.000000
281474976710655.000000	10.657059	5543	430070824960.000000
281474976710655.000000	10.786684	5544	430071840768.000000
281474976710655.000000	11.117400	5545	430072922112.000000
281474976710655.000000	10.692920	5546	430073937920.000000
281474976710655.000000	11.124981	5547	430074986496.000000
281474976710655.000000	11.194847	5548	430076035072.000000
281474976710655.000000	11.337133	5549	430077083648.000000
281474976710655.000000	10.999562	5550	430078132224.000000
281474976710655.000000	11.068549	5551	430079180800.000000
281474976710655.000000	11.002537	5552	430080229376.000000
281474976710655.000000	10.872329	5553	430081277952.000000
281474976710655.000000	10.833577	5554	430082326528.000000
281474976710655.000000	10.787839	5555	430083375104.000000
281474976710655.000000	10.794299	5556	430084423680.000000
281474976710655.000000	10.899823	5557	430085472256.000000
281474976710655.000000	10.589610	5558	430086520832.000000
281474976710655.000000	10.550066	5559	430087569408.000000
281474976710655.000000	10.667693	5560	430088585216.000000
281474976710655.000000	10.938714	5561	430089633792.000000
281474976710655.000000	11.019766	5562	430090682368.000000
281474976710655.000000	11.292117	5563	430091730944.000000
281474976710655.000000	11.103010	5564	430092779520.000000
281474976710655.000000	11.476592	5565	430093828096.000000
281474976710655.000000	11.293753	5566	430094876672.000000
281474976710655.000000	10.938574	5567	430095925248.000000
281474976710655.000000	10.803396	5568	430096973824.000000
281474976710655.000000	10.999422	5569	430098022400.000000
281474976710655.000000	10.730497	5570	430099070976.000000
281474976710655.000000	10.713018	5571	430100119552.000000
281474976710655.000000	10.544045	5572	430101168128.000000
281474976710655.000000	10.544584	5573	430102216704.000000
281474976710655.000000	10.637341	5574	430103265280.000000
281474976710655.000000	10.481822	5575	430104313856.000000
281474976710655.000000	10.602194	5576	430105329664.000000
281474976710655.000000	10.979529	5577	430106378240.000000
281474976710655.000000	10.966149	5578	430107426816.000000
281474976710655.000000	11.119793	5579	430108475392.000000
281474976710655.000000	11.091152	5580	430109523968.000000
281474976710655.000000	11.171782	5581	430110572544.000000
281474976710655.000000	11.213956	5582	430111621120.000000
281474976710655.000000	11.266400	5583	430112669696.000000
281474976710655.000000	10.971662	5584	430113718272.000000
281474976710655.000000	10.847406	5585	430114766848.000000
281474976710655.000000	10.492249	5586	430115815424.000000
281474976710655.000000	10.637757	5587	430116864000.000000
281474976710655.000000	10.485874	5588	430117912576.000000
281474976710655.000000	10.597160	5589	430118961152.000000
281474976710655.000000	10.503377	5590	430119976960.000000
281474976710655.000000	10.618144	5591	430121058304.000000
281474976710655.000000	10.769662	5592	430122074112.000000
281474976710655.000000	10.978703	5593	430123155456.000000
281474976710655.000000	10.792333	5594	430124171264.000000
281474976710655.000000	11.081070	5595	430125219840.000000
281474976710655.000000	11.024550	5596	430126268416.000000
281474976710655.000000	11.056042	5597	430127316992.000000
281474976710655.000000	11.058604	5598	430128365568.000000
281474976710655.000000	11.080865	5599	430129414144.000000
281474976710655.000000	10.922643	5600	430130462720.000000
281474976710655.000000	11.019861	5601	430131511296.000000
281474976710655.000000	10.700392	5602	430132559872.000000
281474976710655.000000	10.663295	5603	430133608448.000000
281474976710655.000000	10.684106	5604	430134657024.000000
281474976710655.000000	10.581185	5605	430135705600.000000
281474976710655.000000	10.540531	5606	430136721408.000000
281474976710655.000000	10.501097	5607	430137802752.000000
281474976710655.000000	10.697648	5608	430138818560.000000
281474976710655.000000	10.879739	5609	430139899904.000000
281474976710655.000000	10.837325	5610	430140915712.000000
281474976710655.000000	11.067425	5611	430141964288.000000
281474976710655.000000	10.978560	5612	430143012864.000000
281474976710655.000000	10.924681	5613	430144061440.000000
281474976710655.000000	11.096776	5614	430145110016.000000
281474976710655.000000	10.993052	5615	430146158592.000000
281474976710655.000000	10.922613	5616	430147207168.000000
281474976710655.000000	10.951189	5617	430148255744.000000
281474976710655.000000	10.525861	5618	430149304320.000000
281474976710655.000000	10.765635	5619	430150352896.000000
281474976710655.000000	10.715874	5620	430151401472.000000
281474976710655.000000	10.644286	5621	430152450048.000000
281474976710655.000000	10.617638	5622	430153498624.000000
281474976710655.000000	10.748384	5623	430154547200.000000
281474976710655.000000	10.640251	5624	430155563008.000000
281474976710655.000000	10.668476	5625	430156644352.000000
281474976710655.000000	10.841201	5626	430157660160.000000
281474976710655.000000	10.960703	5627	430158708736.000000
281474976710655.000000	11.076683	5628	430159757312.000000
281474976710655.000000	11.271315	5629	430160805888.000000
281474976710655.000000	11.093967	5630	430161854464.000000
281474976710655.000000	11.186487	5631	430162903040.000000
281474976710655.000000	11.037011	5632	430163951616.000000
281474976710655.000000	10.934046	5633	430165000192.000000
281474976710655.000000	10.718661	5634	430166048768.000000
281474976710655.000000	10.818283	5635	430167097344.000000
281474976710655.000000	10.678874	5636	430168145920.000000
281474976710655.000000	10.663904	5637	430169194496.000000
281474976710655.000000	10.753837	5638	430170243072.000000
281474976710655.000000	10.543233	5639	430171291648.000000
281474976710655.000000	10.444559	5640	430172307456.000000
281474976710655.000000	10.761202	5641	430173388800.000000
281474976710655.000000	10.734214	5642	430174404608.000000
281474976710655.000000	11.017886	5643	430175453184.000000
281474976710655.000000	11.074093	5644	430176501760.000000
281474976710655.000000	11.203410	5645	430177550336.000000
281474976710655.000000	11.267052	5646	430178598912.000000
281474976710655.000000	11.349881	5647	430179647488.000000
281474976710655.000000	11.240357	5648	430180696064.000000
281474976710655.000000	11.112000	5649	430181744640.000000
281474976710655.000000	10.733533	5650	430182793216.000000
281474976710655.000000	10.642179	5651	430183841792.000000
281474976710655.000000	10.927965	5652	430184890368.000000
281474976710655.000000	10.599093	5653	430185938944.000000
281474976710655.000000	10.437778	5654	430186987520.000000
281474976710655.000000	10.436770	5655	430188036096.000000
281474976710655.000000	10.478047	5656	430189051904.000000
281474976710655.000000	10.729913	5657	430190100480.000000
281474976710655.000000	10.856579	5658	430191149056.000000
281474976710655.000000	11.047166	5659	430192197632.000000
281474976710655.000000	11.002106	5660	430193246208.000000
281474976710655.000000	11.183319	5661	430194294784.000000
281474976710655.000000	11.116472	5662	430195343360.000000
281474976710655.000000	11.093458	5663	430196391936.000000
281474976710655.000000	10.927072	5664	430197440512.000000
281474976710655.000000	11.055283	5665	430198489088.000000
281474976710655.000000	10.589109	5666	430199537664.000000
281474976710655.000000	10.728086	5667	430200586240.000000
281474976710655.000000	10.531549	5668	430201634816.000000
281474976710655.000000	10.507749	5669	430202683392.000000
281474976710655.000000	10.600765	5670	430203731968.000000
281474976710655.000000	10.591141	5671	430204780544.000000
281474976710655.000000	10.666325	5672	430205796352.000000
281474976710655.000000	10.927158	5673	430206877696.000000
281474976710655.000000	10.742414	5674	430207893504.000000
281474976710655.000000	11.025415	5675	430208942080.000000
281474976710655.000000	11.311643	5676	430209990656.000000
281474976710655.000000	11.204282	5677	430211039232.000000
281474976710655.000000	11.234795	5678	430212087808.000000
281474976710655.000000	11.537624	5679	430213136384.000000
281474976710655.000000	11.086849	5680	430214184960.000000
281474976710655.000000	11.049137	5681	430215233536.000000
281474976710655.000000	10.831456	5682	430216282112.000000
281474976710655.000000	10.727198	5683	430217330688.000000
281474976710655.000000	10.570028	5684	430218379264.000000
281474976710655.000000	10.601431	5685	430219427840.000000
281474976710655.000000	10.545960	5686	430220443648.000000
281474976710655.000000	10.773967	5687	430221524992.000000
281474976710655.000000	10.528730	5688	430222540800.000000
281474976710655.000000	10.913414	5689	430223622144.000000
281474976710655.000000	10.638795	5690	430224637952.000000
281474976710655.000000	10.929051	5691	430225686528.000000
281474976710655.000000	10.881320	5692	430226735104.000000
281474976710655.000000	10.897803	5693	430227783680.000000
281474976710655.000000	11.019830	5694	430228832256.000000
281474976710655.000000	11.254246	5695	430229880832.000000
281474976710655.000000	10.842866	5696	430230929408.000000
281474976710655.000000	11.079979	5697	430231977984.000000
281474976710655.000000	10.794570	5698	430233026560.000000
281474976710655.000000	10.881431	5699	430234075136.000000
281474976710655.000000	10.754910	5700	430235123712.000000
281474976710655.000000	10.641479	5701	430236172288.000000
281474976710655.000000	10.511415	5702	430237220864.000000
281474976710655.000000	10.692881	5703	430238269440.000000
281474976710655.000000	10.588231	5704	430239285248.000000
281474976710655.000000	10.768971	5705	430240366592.000000
281474976710655.000000	10.698438	5706	430241382400.000000
281474976710655.000000	10.915154	5707	430242430976.000000
281474976710655.000000	11.097188	5708	430243479552.000000
281474976710655.000000	11.296222	5709	430244528128.000000
281474976710655.000000	10.875439	5710	430245576704.000000
281474976710655.000000	11.091688	5711	430246625280.000000
281474976710655.000000	10.743976	5712	430247673856.000000
281474976710655.000000	10.928546	5713	430248722432.000000
281474976710655.000000	10.673426	5714	430249771008.000000
281474976710655.000000	10.917408	5715	430250819584.000000
281474976710655.000000	10.593363	5716	430251868160.000000
281474976710655.000000	10.583064	5717	430252916736.000000
281474976710655.000000	10.614653	5718	430253965312.000000
281474976710655.000000	10.536729	5719	430255013888.000000
281474976710655.000000	10.487205	5720	430256029696.000000
281474976710655.000000	10.758970	5721	430257111040.000000
281474976710655.000000	10.719480	5722	430258126848.000000
281474976710655.000000	10.946880	5723	430259175424.000000
281474976710655.000000	11.060570	5724	430260224000.000000
281474976710655.000000	11.074362	5725	430261272576.000000
281474976710655.000000	11.333056	5726	430262321152.000000
281474976710655.000000	11.176957	5727	430263369728.000000
281474976710655.000000	11.148634	5728	430264418304.000000
281474976710655.000000	11.035477	5729	430265466880.000000
281474976710655.000000	10.981895	5730	430266515456.000000
281474976710655.000000	10.790045	5731	430267564032.000000
281474976710655.000000	10.697618	5732	430268612608.000000
281474976710655.000000	10.707001	5733	430269661184.000000
281474976710655.000000	10.498092	5734	430270709760.000000
281474976710655.000000	10.485246	5735	430271758336.000000
281474976710655.000000	10.584501	5736	430272774144.000000
281474976710655.000000	10.858344	5737	430273855488.000000
281474976710655.000000	10.682364	5738	430274871296.000000
281474976710655.000000	11.204780	5739	430275919872.000000
281474976710655.000000	11.270509	5740	430276968448.000000
281474976710655.000000	11.111322	5741	430278017024.000000
281474976710655.000000	11.204172	5742	430279065600.000000
281474976710655.000000	11.089368	5743	430280114176.000000
281474976710655.000000	11.067364	5744	430281162752.000000
281474976710655.000000	10.951489	5745	430282211328.000000
281474976710655.000000	10.964393	5746	430283259904.000000
281474976710655.000000	10.843160	5747	430284308480.000000
281474976710655.000000	10.710892	5748	430285357056.000000
281474976710655.000000	10.696143	5749	430286405632.000000
281474976710655.000000	10.614245	5750	430287454208.000000
281474976710655.000000	10.374655	5751	430288502784.000000
281474976710655.000000	10.585382	5752	430289518592.000000
281474976710655.000000	10.789359	5753	430290599936.000000
281474976710655.000000	10.668436	5754	430291615744.000000
281474976710655.000000	10.951317	5755	430292664320.000000
281474976710655.000000	10.873620	5756	430293712896.000000
281474976710655.000000	11.498515	5757	430294761472.000000
281474976710655.000000	11.200430	5758	430295810048.000000
281474976710655.000000	11.081494	5759	430296858624.000000
281474976710655.000000	11.024487	5760	430297907200.000000
281474976710655.000000	10.970656	5761	430298955776.000000
281474976710655.000000	10.870244	5762	430300004352.000000
281474976710655.000000	10.525687	5763	430301052928.000000
281474976710655.000000	10.597485	5764	430302101504.000000
281474976710655.000000	10.674388	5765	430303150080.000000
281474976710655.000000	10.507409	5766	430304198656.000000
281474976710655.000000	10.437403	5767	430305247232.000000
281474976710655.000000	10.499681	5768	430306263040.000000
281474976710655.000000	10.798173	5769	430307344384.000000
281474976710655.000000	10.725500	5770	430308360192.000000
281474976710655.000000	10.931452	5771	430309408768.000000
281474976710655.000000	11.076965	5772	430310457344.000000
281474976710655.000000	11.167819	5773	430311505920.000000
281474976710655.000000	11.105499	5774	430312554496.000000
281474976710655.000000	11.242902	5775	430313603072.000000
281474976710655.000000	11.144782	5776	430314651648.000000
281474976710655.000000	11.021738	5777	430315700224.000000
281474976710655.000000	10.748975	5778	430316748800.000000
281474976710655.000000	10.875472	5779	430317797376.000000
281474976710655.000000	10.519192	5780	430318845952.000000
281474976710655.000000	10.580050	5781	430319894528.000000
281474976710655.000000	10.699294	5782	430320943104.000000
281474976710655.000000	10.640654	5783	430321991680.000000
281474976710655.000000	10.815406	5784	430323007488.000000
281474976710655.000000	10.785974	5785	430324088832.000000
281474976710655.000000	10.724609	5786	430325104640.000000
281474976710655.000000	10.871575	5787	430326153216.000000
281474976710655.000000	10.842541	5788	430327201792.000000
281474976710655.000000	11.457185	5789	430328250368.000000
281474976710655.000000	11.189096	5790	430329298944.000000
281474976710655.000000	11.194849	5791	430330347520.000000
281474976710655.000000	11.050176	5792	430331396096.000000
281474976710655.000000	11.276814	5793	430332444672.000000
281474976710655.000000	10.881168	5794	430333493248.000000
281474976710655.000000	10.736232	5795	430334541824.000000
281474976710655.000000	10.555286	5796	430335590400.000000
281474976710655.000000	10.594371	5797	430336638976.000000
281474976710655.000000	10.555603	5798	430337687552.000000
281474976710655.000000	10.603439	5799	430338736128.000000
281474976710655.000000	10.755812	5800	430339751936.000000
281474976710655.000000	10.793932	5801	430340833280.000000
281474976710655.000000	10.827892	5802	430341849088.000000
281474976710655.000000	11.036364	5803	430342897664.000000
281474976710655.000000	10.962527	5804	430343946240.000000
281474976710655.000000	11.166030	5805	430344994816.000000
281474976710655.000000	11.128850	5806	430346043392.000000
281474976710655.000000	11.150738	5807	430347091968.000000
281474976710655.000000	10.933304	5808	430348140544.000000
281474976710655.000000	11.186635	5809	430349189120.000000
281474976710655.000000	10.634389	5810	430350237696.000000
281474976710655.000000	10.583272	5811	430351286272.000000
281474976710655.000000	10.665573	5812	430352334848.000000
281474976710655.000000	10.711818	5813	430353383424.000000
281474976710655.000000	10.411894	5814	430354432000.000000
281474976710655.000000	10.584119	5815	430355480576.000000
281474976710655.000000	10.540992	5816	430356496384.000000
281474976710655.000000	10.783803	5817	430357577728.000000
281474976710655.000000	10.803223	5818	430358593536.000000
281474976710655.000000	10.927913	5819	430359642112.000000
281474976710655.000000	10.898766	5820	430360690688.000000
281474976710655.000000	11.223360	5821	430361739264.000000
281474976710655.000000	11.187403	5822	430362787840.000000
281474976710655.000000	11.226147	5823	430363836416.000000
281474976710655.000000	10.751319	5824	430364884992.000000
281474976710655.000000	10.842315	5825	430365933568.000000
281474976710655.000000	10.787706	5826	430366982144.000000
281474976710655.000000	10.852416	5827	430368030720.000000
281474976710655.000000	10.604812	5828	430369079296.000000
281474976710655.000000	10.717508	5829	430370127872.000000
281474976710655.000000	10.490645	5830	430371176448.000000
281474976710655.000000	10.634822	5831	430372225024.000000
281474976710655.000000	10.568839	5832	430373240832.000000
281474976710655.000000	10.721413	5833	430374322176.000000
281474976710655.000000	10.812164	5834	430375337984.000000
281474976710655.000000	10.979439	5835	430376386560.000000
281474976710655.000000	11.080946	5836	430377435136.000000
281474976710655.000000	11.036946	5837	430378483712.000000
281474976710655.000000	11.169383	5838	430379532288.000000
281474976710655.000000	11.113248	5839	430380580864.000000
281474976710655.000000	10.953486	5840	430381629440.000000
281474976710655.000000	10.870312	5841	430382678016.000000
281474976710655.000000	10.858971	5842	430383726592.000000
281474976710655.000000	10.771708	5843	430384775168.000000
281474976710655.000000	10.684479	5844	430385823744.000000
281474976710655.000000	10.608292	5845	430386872320.000000
281474976710655.000000	10.589224	5846	430387920896.000000
281474976710655.000000	10.503538	5847	430388969472.000000
281474976710655.000000	10.542091	5848	430389985280.000000
281474976710655.000000	10.777299	5849	430391066624.000000
281474976710655.000000	10.645679	5850	430392082432.000000
281474976710655.000000	10.878809	5851	430393131008.000000
281474976710655.000000	11.165498	5852	430394179584.000000
281474976710655.000000	11.173708	5853	430395228160.000000
281474976710655.000000	11.082260	5854	430396276736.000000
281474976710655.000000	11.214007	5855	430397325312.000000
281474976710655.000000	10.966401	5856	430398373888.000000
281474976710655.000000	11.013916	5857	430399422464.000000
281474976710655.000000	10.848188	5858	430400471040.000000
281474976710655.000000	10.672154	5859	430401519616.000000
281474976710655.000000	10.549951	5860	430402568192.000000
281474976710655.000000	10.621341	5861	430403616768.000000
281474976710655.000000	10.575922	5862	430404665344.000000
281474976710655.000000	10.472776	5863	430405713920.000000
281474976710655.000000	10.758432	5864	430406729728.000000
281474976710655.000000	10.664581	5865	430407811072.000000
281474976710655.000000	10.793686	5866	430408826880.000000
281474976710655.000000	11.058707	5867	430409875456.000000
281474976710655.000000	11.200994	5868	430410924032.000000
281474976710655.000000	10.995934	5869	430411972608.000000
281474976710655.000000	11.256505	5870	430413021184.000000
281474976710655.000000	11.306826	5871	430414069760.000000
281474976710655.000000	11.119151	5872	430415118336.000000
281474976710655.000000	11.161875	5873	430416166912.000000
281474976710655.000000	10.624860	5874	430417215488.000000
281474976710655.000000	10.920668	5875	430418264064.000000
281474976710655.000000	10.694981	5876	430419312640.000000
281474976710655.000000	10.693843	5877	430420361216.000000
281474976710655.000000	10.616276	5878	430421409792.000000
281474976710655.000000	10.680771	5879	430422458368.000000
281474976710655.000000	10.676488	5880	430423474176.000000
281474976710655.000000	10.824447	5881	430424555520.000000
281474976710655.000000	10.638718	5882	430425571328.000000
281474976710655.000000	10.885442	5883	430426619904.000000
281474976710655.000000	11.184039	5884	430427668480.000000
281474976710655.000000	11.210430	5885	430428717056.000000
281474976710655.000000	11.128680	5886	430429765632.000000
281474976710655.000000	11.104055	5887	430430814208.000000
281474976710655.000000	11.181164	5888	430431862784.000000
281474976710655.000000	11.034405	5889	430432911360.000000
281474976710655.000000	10.888017	5890	430433959936.000000
281474976710655.000000	10.560709	5891	430435008512.000000
281474976710655.000000	10.685509	5892	430436057088.000000
281474976710655.000000	10.744034	5893	430437105664.000000
281474976710655.000000	10.475481	5894	430438154240.000000
281474976710655.000000	10.348083	5895	430439202816.000000
281474976710655.000000	10.564741	5896	430440218624.000000
281474976710655.000000	10.854506	5897	430441299968.000000
281474976710655.000000	10.702626	5898	430442315776.000000
281474976710655.000000	10.983802	5899	430443364352.000000
281474976710655.000000	11.073040	5900	430444412928.000000
281474976710655.000000	11.317445	5901	430445461504.000000
281474976710655.000000	11.194304	5902	430446510080.000000
281474976710655.000000	11.190477	5903	430447558656.000000
281474976710655.000000	10.816732	5904	430448607232.000000
281474976710655.000000	11.033319	5905	430449655808.000000
281474976710655.000000	10.667037	5906	430450704384.000000
281474976710655.000000	10.828562	5907	430451752960.000000
281474976710655.000000	10.535960	5908	430452801536.000000
281474976710655.000000	10.500008	5909	430453850112.000000
281474976710655.000000	10.548358	5910	430454898688.000000
281474976710655.000000	10.560047	5911	430455947264.000000
281474976710655.000000	10.715141	5912	430456963072.000000
281474976710655.000000	10.662407	5913	430458044416.000000
281474976710655.000000	10.682875	5914	430459060224.000000
281474976710655.000000	10.946723	5915	430460108800.000000
281474976710655.000000	11.202723	5916	430461157376.000000
281474976710655.000000	11.450479	5917	430462205952.000000
281474976710655.000000	11.025660	5918	430463254528.000000
281474976710655.000000	11.538529	5919	430464303104.000000
281474976710655.000000	10.846987	5920	430465351680.000000
281474976710655.000000	11.117258	5921	430466400256.000000
281474976710655.000000	10.844901	5922	430467448832.000000
281474976710655.000000	10.749739	5923	430468497408.000000
281474976710655.000000	10.641358	5924	430469545984.000000
281474976710655.000000	10.597176	5925	430470594560.000000
281474976710655.000000	10.610913	5926	430471643136.000000
281474976710655.000000	10.495059	5927	430472691712.000000
281474976710655.000000	10.503317	5928	430473707520.000000
281474976710655.000000	10.679011	5929	430474788864.000000
281474976710655.000000	10.818233	5930	430475804672.000000
281474976710655.000000	10.977728	5931	430476853248.000000
281474976710655.000000	11.349766	5932	430477901824.000000
281474976710655.000000	11.244638	5933	430478950400.000000
281474976710655.000000	11.170379	5934	430479998976.000000
281474976710655.000000	11.059290	5935	430481047552.000000
281474976710655.000000	11.167073	5936	430482096128.000000
281474976710655.000000	10.963659	5937	430483144704.000000
281474976710655.000000	10.833258	5938	430484193280.000000
281474976710655.000000	10.807152	5939	430485241856.000000
281474976710655.000000	10.579056	5940	430486290432.000000
281474976710655.000000	10.546112	5941	430487339008.000000
281474976710655.000000	10.587002	5942	430488387584.000000
281474976710655.000000	10.576154	5943	430489436160.000000
281474976710655.000000	10.708120	5944	430490451968.000000
281474976710655.000000	10.746891	5945	430491533312.000000
281474976710655.000000	10.624052	5946	430492549120.000000
281474976710655.000000	10.977530	5947	430493597696.000000
281474976710655.000000	11.098814	5948	430494646272.000000
281474976710655.000000	11.075586	5949	430495694848.000000
281474976710655.000000	11.245619	5950	430496743424.000000
281474976710655.000000	10.987957	5951	430497792000.000000
281474976710655.000000	11.021234	5952	430498840576.000000
281474976710655.000000	11.044077	5953	430499889152.000000
281474976710655.000000	10.801521	5954	430500937728.000000
281474976710655.000000	10.681906	5955	430501986304.000000
281474976710655.000000	10.443747	5956	430503034880.000000
281474976710655.000000	10.640533	5957	430504083456.000000
281474976710655.000000	10.633344	5958	430505132032.000000
281474976710655.000000	10.379397	5959	430506180608.000000
281474976710655.000000	10.615169	5960	430507196416.000000
281474976710655.000000	11.014688	5961	430508277760.000000
281474976710655.000000	10.636643	5962	430509293568.000000
281474976710655.000000	11.017078	5963	430510342144.000000
281474976710655.000000	11.253253	5964	430511390720.000000
281474976710655.000000	11.000293	5965	430512439296.000000
281474976710655.000000	11.459402	5966	430513487872.000000
281474976710655.000000	11.208885	5967	430514536448.000000
281474976710655.000000	10.937897	5968	430515585024.000000
281474976710655.000000	11.044804	5969	430516633600.000000
281474976710655.000000	10.879375	5970	430517682176.000000
281474976710655.000000	10.850755	5971	430518730752.000000
281474976710655.000000	10.632611	5972	430519779328.000000
281474976710655.000000	10.684400	5973	430520827904.000000
281474976710655.000000	10.531621	5974	430521876480.000000
281474976710655.000000	10.636019	5975	430522925056.000000
281474976710655.000000	10.432423	5976	430523940864.000000
281474976710655.000000	10.819571	5977	430525022208.000000
281474976710655.000000	10.872406	5978	430526038016.000000
281474976710655.000000	10.946627	5979	430527086592.000000
281474976710655.000000	11.156281	5980	430528135168.000000
281474976710655.000000	11.230559	5981	430529183744.000000
281474976710655.000000	11.139981	5982	430530232320.000000
281474976710655.000000	11.188637	5983	430531280896.000000
281474976710655.000000	11.026901	5984	430532329472.000000
281474976710655.000000	11.037428	5985	430533378048.000000
281474976710655.000000	10.945206	5986	430534426624.000000
281474976710655.000000	10.921826	5987	430535475200.000000
281474976710655.000000	10.649767	5988	430536523776.000000
281474976710655.000000	10.701738	5989	430537572352.000000
281474976710655.000000	10.443296	5990	430538620928.000000
281474976710655.000000	10.511717	5991	430539669504.000000
281474976710655.000000	10.427091	5992	430540685312.000000
281474976710655.000000	10.852392	5993	430541766656.000000
281474976710655.000000	10.622561	5994	430542782464.000000
281474976710655.000000	11.087429	5995	430543831040.000000
281474976710655.000000	10.930444	5996	430544879616.000000
281474976710655.000000	11.153640	5997	430545928192.000000
281474976710655.000000	11.202610	5998	430546976768.000000
281474976710655.000000	11.240849	5999	430548025344.000000
281474976710655.000000	10.981377	6000	430549073920.000000
281474976710655.000000	10.914222	6001	430550122496.000000
281474976710655.000000	10.808528	6002	430551171072.000000
281474976710655.000000	10.783769	6003	430552219648.000000
281474976710655.000000	10.634798	6004	430553268224.000000
281474976710655.000000	10.568087	6005	430554316800.000000
281474976710655.000000	10.507697	6006	430555365376.000000
281474976710655.000000	10.383394	6007	430556413952.000000
281474976710655.000000	10.666794	6008	430557429760.000000
281474976710655.000000	10.734007	6009	430558511104.000000
281474976710655.000000	10.680819	6010	430559526912.000000
281474976710655.000000	10.964700	6011	430560575488.000000
281474976710655.000000	11.105161	6012	430561624064.000000
281474976710655.000000	11.180283	6013	430562672640.000000
281474976710655.000000	11.317602	6014	430563721216.000000
281474976710655.000000	11.130279	6015	430564769792.000000
281474976710655.000000	10.888535	6016	430565818368.000000
281474976710655.000000	11.007584	6017	430566866944.000000
281474976710655.000000	10.902621	6018	430567915520.000000
281474976710655.000000	10.835562	6019	430568964096.000000
281474976710655.000000	10.671486	6020	430570012672.000000
281474976710655.000000	10.698621	6021	430571061248.000000
281474976710655.000000	10.569760	6022	430572109824.000000
281474976710655.000000	10.479338	6023	430573158400.000000
281474976710655.000000	10.562052	6024	430574174208.000000
281474976710655.000000	10.640965	6025	430575255552.000000
281474976710655.000000	10.912113	6026	430576271360.000000
281474976710655.000000	11.091584	6027	430577319936.000000
281474976710655.000000	10.968549	6028	430578368512.000000
281474976710655.000000	11.247597	6029	430579417088.000000
281474976710655.000000	10.939169	6030	430580465664.000000
281474976710655.000000	11.157891	6031	430581514240.000000
281474976710655.000000	11.141402	6032	430582562816.000000
281474976710655.000000	11.090103	6033	430583611392.000000
281474976710655.000000	10.747093	6034	430584659968.000000
281474976710655.000000	10.766384	6035	430585708544.000000
281474976710655.000000	10.659985	6036	430586757120.000000
281474976710655.000000	10.499489	6037	430587805696.000000
281474976710655.000000	10.648005	6038	430588854272.000000
281474976710655.000000	10.590574	6039	430589902848.000000
281474976710655.000000	10.544695	6040	430590918656.000000
281474976710655.000000	10.666972	6041	430592000000.000000
281474976710655.000000	10.954995	6042	430593015808.000000
281474976710655.000000	10.970217	6043	430594064384.000000
281474976710655.000000	11.113476	6044	430595112960.000000
281474976710655.000000	11.060941	6045	430596161536.000000
281474976710655.000000	11.299129	6046	430597210112.000000
281474976710655.000000	11.231277	6047	430598258688.000000
281474976710655.000000	11.046585	6048	430599307264.000000
281474976710655.000000	10.899880	6049	430600355840.000000
281474976710655.000000	10.823953	6050	430601404416.000000
281474976710655.000000	10.667362	6051	430602452992.000000
281474976710655.000000	10.667388	6052	430603501568.000000
281474976710655.000000	10.530669	6053	430604550144.000000
281474976710655.000000	10.630723	6054	430605598720.000000
281474976710655.000000	10.525638	6055	430606647296.000000
281474976710655.000000	10.705070	6056	430607663104.000000
281474976710655.000000	10.785179	6057	430608744448.000000
281474976710655.000000	10.786674	6058	430609760256.000000
281474976710655.000000	10.960116	6059	430610808832.000000
281474976710655.000000	11.245242	6060	430611857408.000000
281474976710655.000000	11.118761	6061	430612905984.000000
281474976710655.000000	11.143036	6062	430613954560.000000
281474976710655.000000	11.150355	6063	430615003136.000000
281474976710655.000000	11.133113	6064	430616051712.000000
281474976710655.000000	11.231171	6065	430617100288.000000
281474976710655.000000	10.577163	6066	430618148864.000000
281474976710655.000000	10.812973	6067	430619197440.000000
281474976710655.000000	10.641814	6068	430620246016.000000
281474976710655.000000	10.456283	8340	432997957632.000000
281474976710655.000000	10.442856	8341	432999006208.000000
281474976710655.000000	10.435571	8342	433000054784.000000
281474976710655.000000	10.260351	8343	433001103360.000000
281474976710655.000000	10.745993	8344	433002119168.000000
281474976710655.000000	10.836416	8345	433003167744.000000
281474976710655.000000	10.789731	8346	433004216320.000000
281474976710655.000000	11.116777	8347	433005264896.000000
281474976710655.000000	11.468297	8348	433006313472.000000
281474976710655.000000	11.297835	8349	433007362048.000000
281474976710655.000000	11.261167	8350	433008410624.000000
281474976710655.000000	11.206367	8351	433009459200.000000
281474976710655.000000	10.806133	8352	433010507776.000000
281474976710655.000000	10.969790	8353	433011556352.000000
281474976710655.000000	10.504238	8354	433012604928.000000
281474976710655.000000	10.615728	8355	433013653504.000000
281474976710655.000000	10.344960	8356	433014702080.000000
281474976710655.000000	10.391609	8357	433015750656.000000
281474976710655.000000	10.581707	8358	433016799232.000000
281474976710655.000000	10.464735	8359	433017847808.000000
281474976710655.000000	10.512720	8360	433018863616.000000
281474976710655.000000	10.561865	8361	433019912192.000000
281474976710655.000000	11.257070	8362	433020960768.000000
281474976710655.000000	11.040094	8363	433022009344.000000
281474976710655.000000	11.293348	8364	433023057920.000000
281474976710655.000000	11.279203	8365	433024106496.000000
281474976710655.000000	11.202559	8366	433025155072.000000
281474976710655.000000	10.963752	8367	433026203648.000000
281474976710655.000000	10.794111	8368	433027252224.000000
281474976710655.000000	10.868091	8369	433028300800.000000
281474976710655.000000	10.683695	8370	433029349376.000000
281474976710655.000000	10.718684	8371	433030397952.000000
281474976710655.000000	10.641789	8372	433031446528.000000
281474976710655.000000	10.359960	8373	433032495104.000000
281474976710655.000000	10.374399	8374	433033543680.000000
281474976710655.000000	10.294842	8375	433034592256.000000
281474976710655.000000	10.602050	8376	433035608064.000000
281474976710655.000000	10.540843	8377	433036656640.000000
281474976710655.000000	10.981830	8378	433037705216.000000
281474976710655.000000	11.244256	8379	433038753792.000000
281474976710655.000000	11.047945	8380	433039802368.000000
281474976710655.000000	11.106045	8381	433040850944.000000
281474976710655.000000	11.151568	8382	433041899520.000000
281474976710655.000000	11.170376	8383	433042948096.000000
281474976710655.000000	10.784223	8384	433043996672.000000
281474976710655.000000	10.927562	8385	433045045248.000000
281474976710655.000000	10.636653	8386	433046093824.000000
281474976710655.000000	10.590803	8387	433047142400.000000
281474976710655.000000	10.196086	8388	433048190976.000000
281474976710655.000000	10.568083	8389	433049239552.000000
281474976710655.000000	10.561848	8390	433050288128.000000
281474976710655.000000	10.279591	8391	433051336704.000000
281474976710655.000000	10.752390	8392	433052352512.000000
281474976710655.000000	10.733869	8393	433053401088.000000
281474976710655.000000	10.842975	8394	433054449664.000000
281474976710655.000000	10.909832	8395	433055498240.000000
281474976710655.000000	11.052345	8396	433056546816.000000
281474976710655.000000	11.146835	8397	433057595392.000000
281474976710655.000000	10.085059	8398	433058643968.000000
281474976710655.000000	11.191329	8399	433059692544.000000
281474976710655.000000	10.979282	8400	433060741120.000000
281474976710655.000000	11.051742	8401	433061789696.000000
281474976710655.000000	10.385833	8402	433062838272.000000
281474976710655.000000	10.607709	8403	433063886848.000000
281474976710655.000000	10.550600	8404	433064935424.000000
281474976710655.000000	10.584265	8405	433065984000.000000
281474976710655.000000	10.525017	8406	433067032576.000000
281474976710655.000000	10.379932	8407	433068081152.000000
281474976710655.000000	8.289602	8408	433069129728.000000
281474976710655.000000	11.575814	8409	433070145536.000000
281474976710655.000000	10.929424	8410	433071194112.000000
281474976710655.000000	10.852835	8411	433072242688.000000
281474976710655.000000	10.895885	8412	433073291264.000000
281474976710655.000000	11.088528	8413	433074339840.000000
281474976710655.000000	10.462826	8414	433075388416.000000
281474976710655.000000	11.334539	8415	433076436992.000000
281474976710655.000000	11.037474	8416	433077485568.000000
281474976710655.000000	10.677997	8417	433078534144.000000
281474976710655.000000	10.157063	8418	433079582720.000000
281474976710655.000000	10.651461	8419	433080631296.000000
281474976710655.000000	10.283860	8420	433081679872.000000
281474976710655.000000	10.398890	8421	433082728448.000000
281474976710655.000000	10.425639	8422	433083744256.000000
281474976710655.000000	11.584028	8423	433084825600.000000
281474976710655.000000	10.403596	8424	433085841408.000000
281474976710655.000000	10.707178	8425	433086889984.000000
281474976710655.000000	10.838635	8426	433087938560.000000
281474976710655.000000	10.763111	8427	433088987136.000000
281474976710655.000000	11.243896	8428	433090035712.000000
281474976710655.000000	11.141663	8429	433091084288.000000
281474976710655.000000	11.483670	8430	433092132864.000000
281474976710655.000000	11.049901	8431	433093181440.000000
281474976710655.000000	10.830205	8432	433094230016.000000
281474976710655.000000	10.985700	8433	433095278592.000000
281474976710655.000000	10.609203	8434	433096327168.000000
281474976710655.000000	10.763298	8435	433097375744.000000
281474976710655.000000	10.545404	8436	433098424320.000000
281474976710655.000000	10.409973	8437	433099472896.000000
281474976710655.000000	10.605006	8438	433100488704.000000
281474976710655.000000	10.581948	8439	433101570048.000000
281474976710655.000000	10.757282	8440	433102585856.000000
281474976710655.000000	10.839547	8441	433103634432.000000
281474976710655.000000	10.554564	8442	433104683008.000000
281474976710655.000000	10.877036	8443	433105731584.000000
281474976710655.000000	10.954976	8444	433106780160.000000
281474976710655.000000	11.246863	8445	433107828736.000000
281474976710655.000000	10.935249	8446	433108877312.000000
281474976710655.000000	10.899852	8447	433109925888.000000
281474976710655.000000	10.819186	8448	433110974464.000000
281474976710655.000000	10.606880	8449	433112023040.000000
281474976710655.000000	10.714840	8450	433113071616.000000
281474976710655.000000	10.578949	8451	433114120192.000000
281474976710655.000000	10.545756	8452	433115168768.000000
281474976710655.000000	10.582661	8453	433116217344.000000
281474976710655.000000	10.723578	8454	433117233152.000000
281474976710655.000000	10.617953	8455	433118314496.000000
281474976710655.000000	10.777116	8456	433119330304.000000
281474976710655.000000	10.890734	8457	433120378880.000000
281474976710655.000000	11.127366	8458	433121427456.000000
281474976710655.000000	11.097952	8459	433122476032.000000
281474976710655.000000	11.378186	8460	433123524608.000000
281474976710655.000000	11.198037	8461	433124573184.000000
281474976710655.000000	11.027151	8462	433125621760.000000
281474976710655.000000	10.961665	8463	433126670336.000000
281474976710655.000000	10.625464	8464	433127718912.000000
281474976710655.000000	10.842471	8465	433128767488.000000
281474976710655.000000	10.482932	8466	433129816064.000000
281474976710655.000000	10.600316	8467	433130864640.000000
281474976710655.000000	10.587149	8468	433131913216.000000
281474976710655.000000	10.619654	8469	433132961792.000000
281474976710655.000000	10.583627	8470	433133977600.000000
281474976710655.000000	10.681115	8471	433135058944.000000
281474976710655.000000	10.731551	8472	433136074752.000000
281474976710655.000000	10.963421	8473	433137123328.000000
281474976710655.000000	10.964288	8474	433138171904.000000
281474976710655.000000	11.131702	8475	433139220480.000000
281474976710655.000000	11.119545	8476	433140269056.000000
281474976710655.000000	10.908586	8477	433141317632.000000
281474976710655.000000	10.865535	8478	433142366208.000000
281474976710655.000000	10.859685	8479	433143414784.000000
281474976710655.000000	10.601696	8480	433144463360.000000
281474976710655.000000	10.767568	8481	433145511936.000000
281474976710655.000000	10.541921	8482	433146560512.000000
281474976710655.000000	10.542074	8483	433147609088.000000
281474976710655.000000	10.445461	8484	433148657664.000000
281474976710655.000000	10.517922	8485	433149706240.000000
281474976710655.000000	10.459168	8486	433150722048.000000
281474976710655.000000	10.739539	8487	433151803392.000000
281474976710655.000000	10.975141	8488	433152819200.000000
281474976710655.000000	11.065721	8489	433153867776.000000
281474976710655.000000	10.888385	8490	433154916352.000000
281474976710655.000000	10.855006	8491	433155964928.000000
281474976710655.000000	11.228607	8492	433157013504.000000
281474976710655.000000	10.941930	8493	433158062080.000000
281474976710655.000000	11.105851	8494	433159110656.000000
281474976710655.000000	10.738236	8495	433160159232.000000
281474976710655.000000	10.656796	8496	433161207808.000000
281474976710655.000000	10.800613	8497	433162256384.000000
281474976710655.000000	10.634255	8498	433163304960.000000
281474976710655.000000	10.509666	8499	433164353536.000000
281474976710655.000000	10.653081	8500	433165402112.000000
281474976710655.000000	10.698687	8501	433166450688.000000
281474976710655.000000	10.356778	8502	433167466496.000000
281474976710655.000000	10.631596	8503	433168547840.000000
281474976710655.000000	10.768882	8504	433169563648.000000
281474976710655.000000	10.897982	8505	433170612224.000000
281474976710655.000000	11.229006	8506	433171660800.000000
281474976710655.000000	11.077058	8507	433172709376.000000
281474976710655.000000	10.957428	8508	433173757952.000000
281474976710655.000000	11.366072	8509	433174806528.000000
281474976710655.000000	11.015909	8510	433175855104.000000
281474976710655.000000	10.947395	8511	433176903680.000000
281474976710655.000000	10.626271	8512	433177952256.000000
281474976710655.000000	10.694868	8513	433179000832.000000
281474976710655.000000	10.485596	8514	433180049408.000000
281474976710655.000000	10.653057	8515	433181097984.000000
281474976710655.000000	10.437116	8516	433182146560.000000
281474976710655.000000	10.508813	8517	433183195136.000000
281474976710655.000000	10.539568	8518	433184210944.000000
281474976710655.000000	10.809177	8519	433185292288.000000
281474976710655.000000	10.661576	8520	433186308096.000000
281474976710655.000000	10.812512	8521	433187356672.000000
281474976710655.000000	11.003427	8522	433188405248.000000
281474976710655.000000	11.054721	8523	433189453824.000000
281474976710655.000000	10.983515	8524	433190502400.000000
281474976710655.000000	11.173509	8525	433191550976.000000
281474976710655.000000	10.735721	8526	433192599552.000000
281474976710655.000000	11.220623	8527	433193648128.000000
281474976710655.000000	10.347260	8528	433194696704.000000
281474976710655.000000	10.871909	8529	433195745280.000000
281474976710655.000000	10.427386	8530	433196793856.000000
281474976710655.000000	10.585548	8531	433197842432.000000
281474976710655.000000	10.466211	8532	433198891008.000000
281474976710655.000000	10.488874	8533	433199939584.000000
281474976710655.000000	10.377507	8534	433200955392.000000
281474976710655.000000	10.531645	8535	433202036736.000000
281474976710655.000000	10.808080	8536	433203052544.000000
281474976710655.000000	10.771322	8537	433204101120.000000
281474976710655.000000	10.926994	8538	433205149696.000000
281474976710655.000000	11.047462	8539	433206198272.000000
281474976710655.000000	10.787745	8540	433207246848.000000
281474976710655.000000	11.059215	8541	433208295424.000000
281474976710655.000000	10.844581	8542	433209344000.000000
281474976710655.000000	11.137242	8543	433210392576.000000
281474976710655.000000	10.860765	8544	433211441152.000000
281474976710655.000000	10.906791	8545	433212489728.000000
281474976710655.000000	10.500423	8546	433213538304.000000
281474976710655.000000	10.628080	8547	433214586880.000000
281474976710655.000000	10.479321	8548	433215635456.000000
281474976710655.000000	10.428779	8549	433216684032.000000
281474976710655.000000	10.752945	8550	433217699840.000000
281474976710655.000000	10.824856	8551	433218781184.000000
281474976710655.000000	10.775005	8552	433219796992.000000
281474976710655.000000	10.808314	8553	433220845568.000000
281474976710655.000000	11.085927	8554	433221894144.000000
281474976710655.000000	11.017150	8555	433222942720.000000
281474976710655.000000	11.099144	8556	433223991296.000000
281474976710655.000000	11.217029	8557	433225039872.000000
281474976710655.000000	10.820390	8558	433226088448.000000
281474976710655.000000	10.984266	8559	433227137024.000000
281474976710655.000000	10.671450	8560	433228185600.000000
281474976710655.000000	10.890884	8561	433229234176.000000
281474976710655.000000	10.593355	8562	433230282752.000000
281474976710655.000000	10.647949	8563	433231331328.000000
281474976710655.000000	10.441670	8564	433232379904.000000
281474976710655.000000	10.625826	8565	433233428480.000000
281474976710655.000000	10.731647	8566	433234444288.000000
281474976710655.000000	10.682897	8567	433235525632.000000
281474976710655.000000	10.609863	8568	433236541440.000000
281474976710655.000000	10.936970	8569	433237590016.000000
281474976710655.000000	11.115608	8570	433238638592.000000
281474976710655.000000	11.050657	8571	433239687168.000000
281474976710655.000000	11.005029	8572	433240735744.000000
281474976710655.000000	11.043293	8573	433241784320.000000
281474976710655.000000	10.810620	8574	433242832896.000000
281474976710655.000000	10.775510	8575	433243881472.000000
281474976710655.000000	10.766955	8576	433244930048.000000
281474976710655.000000	10.668017	8577	433245978624.000000
281474976710655.000000	10.591445	8578	433247027200.000000
281474976710655.000000	10.496138	8579	433248075776.000000
281474976710655.000000	10.613955	8580	433249124352.000000
281474976710655.000000	10.516217	8581	433250172928.000000
281474976710655.000000	10.613563	8582	433251188736.000000
281474976710655.000000	10.709466	8583	433252270080.000000
281474976710655.000000	10.738883	8584	433253285888.000000
281474976710655.000000	10.927952	8585	433254334464.000000
281474976710655.000000	10.796114	8586	433255383040.000000
281474976710655.000000	11.069552	8587	433256431616.000000
281474976710655.000000	11.112014	8588	433257480192.000000
281474976710655.000000	10.983195	8589	433258528768.000000
281474976710655.000000	10.995869	8590	433259577344.000000
281474976710655.000000	10.796053	8591	433260625920.000000
281474976710655.000000	10.518682	8592	433261674496.000000
281474976710655.000000	11.022270	8593	433262723072.000000
