time (s)	coil I (A)	last det (V)	int current (uC)
429205.330729	0.789506	-302.734375	-14.648437
429205.332731	0.794121	-302.734375	-14.648437
429205.334729	0.792025	8.712275	0.881763
429206.378782	0.765596	-205.761719	316.992187
429206.380784	0.794914	-205.761719	316.992187
429206.382783	0.792687	8.719560	0.708384
429207.394799	0.776979	-339.746094	-17.089844
429207.396802	0.794320	-339.746094	-17.089844
429207.398802	0.792033	8.712363	0.996228
429208.472854	0.350553	-189.257812	344.140625
429208.474855	0.651686	-189.257812	344.140625
429208.476858	0.796439	-189.257812	344.140625
429208.478857	0.794779	8.742566	0.678577
429209.490862	0.678554	-336.035156	-17.578125
429209.492862	0.682730	-336.035156	-17.578125
429209.494864	0.793665	8.730309	0.972873
429210.536899	0.296229	-226.269531	283.203125
429210.538902	0.600374	-226.269531	283.203125
429210.540900	0.791939	-226.269531	283.203125
429210.542900	0.794960	-226.269531	283.203125
429210.544901	0.792942	8.722360	0.966248
429211.586990	0.528077	-328.515625	-16.699219
429211.590990	0.794903	-328.515625	-16.699219
429211.592990	0.792609	-328.515625	-16.699219
429211.594992	0.791036	8.701401	0.936664
429212.635023	0.447383	-241.308594	263.085937
429212.637026	0.728673	-241.308594	263.085937
429212.639027	0.796002	-241.308594	263.085937
429212.641025	0.793279	8.726073	0.940997
429213.683022	0.359010	-326.757812	-16.992187
429213.685023	0.659326	-326.757812	-16.992187
429213.687025	0.796334	-326.757812	-16.992187
429213.689024	0.794336	8.737700	0.908371
429214.735057	0.786936	-214.550781	302.832031
429214.737061	0.794073	-214.550781	302.832031
429214.739060	0.791895	8.710848	0.972019
429215.781086	0.498166	-319.335937	-16.601562
429215.783087	0.758167	-319.335937	-16.601562
429215.785088	0.795314	-319.335937	-16.601562
429215.787088	0.792979	8.722768	0.863032
429216.831141	0.708176	-203.027344	322.949219
429216.833144	0.796102	-203.027344	322.949219
429216.835142	0.793425	8.727677	0.821807
429217.877224	0.343490	-312.207031	-16.699219
429217.879227	0.645206	-312.207031	-16.699219
429217.881226	0.795462	-312.207031	-16.699219
429217.883226	0.794050	8.734546	0.832672
429218.927267	0.563891	-213.378906	305.175781
429218.929268	0.783604	-213.378906	305.175781
429218.931270	0.794557	-213.378906	305.175781
429218.933270	0.792418	8.716599	0.862419
429219.977784	0.781558	-311.718750	-17.871094
429219.979788	0.794585	-311.718750	-17.871094
429219.981786	0.792367	8.716032	0.781135
429221.025806	0.744276	-210.156250	309.960937
429221.027808	0.795104	-210.156250	309.960937
429221.029808	0.792624	8.718860	0.781498
429222.072380	0.473146	-308.300781	-18.359375
429222.074381	0.744614	-308.300781	-18.359375
429222.076381	0.795497	-308.300781	-18.359375
429222.078381	0.792833	8.721164	0.742938
429223.120426	0.393780	-211.230469	308.984375
429223.122427	0.689005	-211.230469	308.984375
429223.124429	0.796074	-211.230469	308.984375
429223.126428	0.793494	8.728431	0.747340
429224.169372	0.448565	-302.441406	-18.359375
429224.171373	0.729369	-302.441406	-18.359375
429224.173372	0.795814	-302.441406	-18.359375
429224.175374	0.793161	8.724771	0.740868
429225.217472	0.377802	-183.886719	354.492187
429225.219473	0.675805	-183.886719	354.492187
429225.225473	0.792786	-183.886719	354.492187
429225.227474	0.791486	8.706346	0.744250
429226.233550	0.418150	-339.843750	-23.242187
429226.235552	0.707903	-339.843750	-23.242187
429226.237554	0.795936	-339.843750	-23.242187
429226.239553	0.793256	8.725817	0.995472
429227.316100	0.598011	-205.175781	318.066406
429227.318100	0.790815	-205.175781	318.066406
429227.320100	0.794103	-205.175781	318.066406
429227.322101	0.792076	8.712833	0.871117
429228.332135	0.633534	-325.585937	-22.656250
429228.334138	0.794385	-325.585937	-22.656250
429228.336137	0.793723	8.730956	0.968295
429229.380227	0.552736	-224.218750	287.402344
429229.382230	0.649550	-224.218750	287.402344
429229.384227	0.647300	7.120295	0.988908
429230.428303	0.484315	-331.835937	-23.437500
429230.430305	0.647986	-331.835937	-23.437500
429230.432305	0.647750	7.125249	0.950171
429231.476338	0.404543	-223.339844	290.917969
429231.478344	0.633182	-223.339844	290.917969
429231.480347	0.647768	-223.339844	290.917969
429231.482346	0.645950	7.105450	0.943571
429232.524384	0.322582	-314.550781	-21.875000
429232.526388	0.597463	-314.550781	-21.875000
429232.528387	0.648474	-314.550781	-21.875000
429232.530388	0.646415	7.110564	0.903860
429233.574436	0.541947	-238.085937	264.941406
429233.576439	0.649115	-238.085937	264.941406
429233.578439	0.646913	7.116041	0.895329
429234.623389	0.583658	-311.718750	-21.484375
429234.625391	0.648755	-311.718750	-21.484375
429234.627391	0.646550	7.112052	0.829289
429235.673415	0.649328	-204.882812	320.703125
429235.675418	0.647469	7.122156	0.840773
429236.719470	0.443234	-305.078125	-20.410156
429236.721472	0.642754	-305.078125	-20.410156
429236.723477	0.647710	-305.078125	-20.410156
429236.725479	0.646027	7.106301	0.779740
429237.767526	0.363913	-227.636719	282.519531
429237.769527	0.618278	-227.636719	282.519531
429237.771525	0.648417	-227.636719	282.519531
429237.773526	0.646533	7.111866	0.791306
429238.817485	0.561775	-316.503906	-22.363281
429238.819486	0.649550	-316.503906	-22.363281
429238.821487	0.647198	7.119178	0.773413
429239.865510	0.490528	-215.917969	302.050781
429239.867514	0.648036	-215.917969	302.050781
429239.869513	0.647465	7.122120	0.758909
429240.914050	0.485023	-304.003906	-20.312500
429240.916051	0.649173	-304.003906	-20.312500
429240.918053	0.648911	7.138019	0.725827
429241.962099	0.406230	-195.996094	334.765625
429241.964102	0.633955	-195.996094	334.765625
429241.966101	0.648101	-195.996094	334.765625
429241.968101	0.646368	7.110050	0.746141
429242.978146	0.441196	-327.832031	-22.460937
429242.980148	0.642387	-327.832031	-22.460937
429242.982149	0.647727	-327.832031	-22.460937
429242.984149	0.646159	7.107746	0.975461
429244.060172	0.538629	-205.859375	318.261719
429244.062175	0.649970	-205.859375	318.261719
429244.064174	0.647693	7.124619	0.720333
429245.074731	0.353533	-336.425781	-22.265625
429245.076733	0.613299	-336.425781	-22.265625
429245.080733	0.646043	-336.425781	-22.265625
429245.082733	0.644758	7.092334	0.966943
429246.125677	0.635012	-228.808594	281.445312
429246.127679	0.647702	-228.808594	281.445312
429246.129679	0.646033	7.106363	0.993405
429247.173725	0.601134	-328.320312	-21.289062
429247.175725	0.648920	-328.320312	-21.289062
429247.177726	0.646775	7.114525	0.951380
429248.223772	0.650152	-228.906250	282.910156
429248.225775	0.647844	-228.906250	282.910156
429248.227776	0.646400	7.110404	0.966657
429249.271810	0.647101	-331.250000	-20.996094
429249.273812	0.647900	7.126897	0.896287
429250.318377	0.470907	-215.625000	302.050781
429250.322377	0.647936	-215.625000	302.050781
429250.324379	0.646354	7.109890	0.911232
429251.368424	0.628248	-331.738281	-20.019531
429251.370425	0.647963	-331.738281	-20.019531
429251.372423	0.646090	7.106992	0.855242
429252.415369	0.447906	-212.597656	307.031250
429252.417370	0.644175	-212.597656	307.031250
429252.419371	0.648227	-212.597656	307.031250
429252.421370	0.646563	7.112194	0.839462
429253.465451	0.622168	-323.437500	-18.847656
429253.469449	0.648955	-323.437500	-18.847656
429253.471452	0.645856	7.104414	0.815940
429254.512025	0.371918	-202.148437	322.753906
429254.514029	0.621658	-202.148437	322.753906
429254.516028	0.648241	-202.148437	322.753906
429254.518029	0.646473	7.111202	0.819607
429255.564077	0.649371	-322.656250	-17.968750
429255.566080	0.647066	-322.656250	-17.968750
429255.568079	0.645677	7.102446	0.785822
429256.610663	0.578568	-200.878906	324.707031
429256.612664	0.649187	-200.878906	324.707031
429256.614665	0.646893	7.115819	0.773242
429257.660748	0.649550	-320.410156	-17.578125
429257.662752	0.649602	7.145623	0.752308
429258.709313	0.649195	-202.636719	321.386719
429258.711313	0.647397	7.121367	0.736673
429259.755872	0.516065	-317.089844	-16.601562
429259.757874	0.650551	-317.089844	-16.601562
429259.761873	0.647124	7.118362	0.730027
429260.804410	0.511467	-188.769531	344.042969
429260.806410	0.649750	-188.769531	344.042969
429260.810410	0.646627	7.112895	0.712167
429261.824440	0.647570	-339.648437	-19.140625
429261.826441	0.646165	7.107817	0.992946
429262.870499	0.646464	-248.535156	252.636719
429262.872500	0.647574	7.123317	0.970954
429263.917035	1.937011	-336.621094	-20.019531
429263.919038	0.645922	-336.621094	-20.019531
429263.921039	0.647874	-336.621094	-20.019531
429263.923037	0.646333	7.109660	0.961522
429264.965062	0.379040	-223.730469	288.964844
429264.967065	0.387101	-223.730469	288.964844
429264.969066	0.647870	-223.730469	288.964844
429264.971066	0.646112	7.107232	0.967033
429266.013094	0.294679	-326.953125	-18.261719
429266.015095	0.580743	-326.953125	-18.261719
429266.019094	0.646558	-326.953125	-18.261719
429266.021095	0.645222	7.097439	0.937517
429267.063109	0.513036	-215.625000	301.269531
429267.065112	0.649820	-215.625000	301.269531
429267.067109	0.648133	7.129458	0.924197
429268.113137	0.640940	-319.921875	-18.066406
429268.115137	0.648223	-319.921875	-18.066406
429268.119137	0.645411	7.099521	0.875892
429269.159176	0.347743	-227.246094	283.984375
429269.161178	0.610622	-227.246094	283.984375
429269.163178	0.648279	-227.246094	283.984375
429269.165179	0.646334	7.109669	0.862388
429270.207727	0.343669	-318.261719	-18.261719
429270.209729	0.608931	-318.261719	-18.261719
429270.213728	0.646843	-318.261719	-18.261719
429270.215728	0.645599	7.101586	0.831665
429271.257765	0.556463	-229.199219	280.273437
429271.259764	0.650295	-229.199219	280.273437
429271.261766	0.647942	7.127358	0.827335
429272.306680	0.591136	-316.894531	-19.140625
429272.308680	0.649266	-316.894531	-19.140625
429272.310683	0.647026	7.117281	0.795569
429273.354731	0.533544	-204.003906	319.726562
429273.356734	0.650271	-204.003906	319.726562
429273.358733	0.648106	7.129166	0.779599
429274.404790	0.645371	-304.882812	-18.652344
429274.406794	0.647594	-304.882812	-18.652344
429274.408793	0.646052	7.106576	0.751886
429275.450806	0.374882	-220.507812	295.312500
429275.452807	0.622870	-220.507812	295.312500
429275.454807	0.648303	-220.507812	295.312500
429275.456806	0.648202	7.130220	0.767908
429276.499709	0.424742	-309.863281	-20.019531
429276.501714	0.639145	-309.863281	-20.019531
429276.503712	0.648228	-309.863281	-20.019531
429276.505713	0.646541	7.111955	0.741464
429277.547825	0.354896	-204.980469	318.457031
429277.549826	0.614630	-204.980469	318.457031
429277.551825	0.649119	-204.980469	318.457031
429277.553824	0.647101	7.118115	0.748909
429278.563822	0.382249	-337.402344	-22.851562
429278.565826	0.625679	-337.402344	-22.851562
429278.567825	0.648304	-337.402344	-22.851562
429278.569825	0.646432	7.110750	0.988712
429279.644377	0.260223	-203.417969	321.484375
429279.648376	0.650061	-203.417969	321.484375
429279.650378	0.647721	-203.417969	321.484375
429279.652377	0.646366	7.110023	0.718905
429280.660900	0.373093	-330.468750	-22.753906
429280.662901	0.621938	-330.468750	-22.753906
429280.666901	0.646213	-330.468750	-22.753906
429280.668903	0.645053	7.095587	0.965925
429281.710922	0.575202	-252.832031	242.089844
429281.712924	0.649198	-252.832031	242.089844
429281.714923	0.646860	7.115456	1.090016
429282.758941	0.506404	-321.289062	-23.144531
429282.760941	0.648750	-321.289062	-23.144531
429282.762942	0.647393	7.121323	0.935965
429283.806982	0.427306	-228.320312	282.519531
429283.808985	0.639598	-228.320312	282.519531
429283.810985	0.647919	-228.320312	282.519531
429283.812984	0.646238	7.108614	0.946172
429284.857002	0.607668	-314.160156	-22.460937
429284.859004	0.648781	-314.160156	-22.460937
429284.861004	0.646757	7.114330	0.901880
429285.905069	0.557968	-242.089844	259.375000
429285.907072	0.649750	-242.089844	259.375000
429285.909072	0.647461	7.122076	0.960928
429286.953081	0.481624	-317.382812	-22.851562
429286.955084	0.647901	-317.382812	-22.851562
429286.957084	0.647949	7.127438	0.839274
429288.001152	0.408059	-233.203125	272.363281
429288.003153	0.634535	-233.203125	272.363281
429288.005152	0.648187	-233.203125	272.363281
429288.007151	0.646429	7.110714	0.841179
429289.049151	0.318158	-312.597656	-22.167969
429289.051153	0.595463	-312.597656	-22.167969
429289.053152	0.649480	-312.597656	-22.167969
429289.055153	0.647272	7.119993	0.810061
429290.099175	0.533739	-212.304687	309.570312
429290.101178	0.650274	-212.304687	309.570312
429290.103179	0.648100	7.129104	0.802552
429291.147244	0.457031	-304.980469	-20.996094
429291.149245	0.645703	-304.980469	-20.996094
429291.153243	0.646201	-304.980469	-20.996094
429291.155246	0.645122	7.096340	0.764155
429292.195312	0.385463	-206.054687	317.578125
429292.197313	0.626801	-206.054687	317.578125
429292.199313	0.648025	-206.054687	317.578125
429292.201313	0.646223	7.108454	0.778539
429293.243369	0.305502	-319.824219	-22.363281
429293.245370	0.588014	-319.824219	-22.363281
429293.247373	0.649754	-319.824219	-22.363281
429293.249371	0.647468	7.122147	0.751316
429294.293421	0.526793	-198.242187	329.980469
429294.295423	0.649511	-198.242187	329.980469
429294.297422	0.647522	7.122740	0.748778
429295.343451	0.643348	-300.878906	-18.945312
429295.345454	0.647645	-300.878906	-18.945312
429295.347453	0.646052	7.106576	0.731609
429296.389519	0.368611	-208.007812	313.769531
429296.391519	0.620174	-208.007812	313.769531
429296.393524	0.648118	-208.007812	313.769531
429296.395522	0.647972	7.127695	0.727356
429297.408457	0.648844	-335.546875	-22.070312
429297.410460	0.648848	7.137328	0.963397
429298.454499	0.458325	-236.523437	269.921875
429298.458499	0.647385	-236.523437	269.921875
429298.460503	0.645728	-236.523437	269.921875
429298.462503	0.644616	7.090774	0.980861
429299.504544	0.623581	-324.121094	-20.410156
429299.506545	0.648064	-324.121094	-20.410156
429299.508546	0.647964	7.127606	0.961613
429300.550568	0.292266	-225.976562	285.644531
429300.552570	0.579272	-225.976562	285.644531
429300.554568	0.648837	-225.976562	285.644531
429300.556568	0.646681	7.113489	0.959988
429301.602612	0.649822	-329.980469	-20.117187
429301.604612	0.648052	7.128572	0.922687
429302.649208	0.517277	-213.085937	304.980469
429302.651210	0.649489	-213.085937	304.980469
429302.653209	0.647781	7.125595	0.915774
429303.697217	0.435191	-324.707031	-19.433594
429303.699219	0.641189	-324.707031	-19.433594
429303.701223	0.647768	-324.707031	-19.433594
429303.703229	0.646102	7.107125	0.878288
429304.747263	0.613599	-230.664062	278.222656
429304.749267	0.648401	-230.664062	278.222656
429304.751265	0.646446	7.110909	1.145791
429305.794195	0.408079	-321.289062	-18.457031
429305.796196	0.634297	-321.289062	-18.457031
429305.798195	0.647940	-321.289062	-18.457031
429305.800196	0.646145	7.107595	0.831176
429306.844200	0.596983	-227.246094	282.714844
429306.846203	0.601253	-227.246094	282.714844
429306.848201	0.647453	7.121979	1.032659
429307.892182	0.528673	-319.726562	-17.871094
429307.894185	0.649850	-319.726562	-17.871094
429307.896185	0.649866	7.148530	0.791290
429308.940205	0.451285	-202.636719	322.167969
429308.942206	0.645150	-202.636719	322.167969
429308.946206	0.647080	-202.636719	322.167969
429308.948206	0.645905	7.104954	0.770503
429309.990251	0.621242	-320.703125	-17.089844
429309.992253	0.648448	-320.703125	-17.089844
429309.994254	0.646589	7.112478	0.771542
429311.036805	0.367319	-203.222656	321.386719
429311.038807	0.620004	-203.222656	321.386719
429311.040808	0.648759	-203.222656	321.386719
429311.042808	0.646831	7.115137	0.749204
429312.084843	0.282916	-308.886719	-16.406250
429312.086847	0.573157	-308.886719	-16.406250
429312.088846	0.648938	-308.886719	-16.406250
429312.090845	0.646624	7.112868	0.760660
429313.134901	0.508498	-204.687500	319.726562
429313.136905	0.649543	-204.687500	319.726562
429313.138905	0.648116	7.129281	0.727171
429314.151431	0.593219	-343.261719	-19.921875
429314.155432	0.646458	-343.261719	-19.921875
429314.157432	0.645131	7.096446	0.982072
429315.231991	0.500052	-202.832031	322.656250
429315.233995	0.649752	-202.832031	322.656250
429315.235995	0.648561	7.134173	0.686545
429316.248566	0.591350	-336.328125	-19.531250
429316.250570	0.648982	-336.328125	-19.531250
429316.252570	0.646781	7.114596	0.963769
429317.296606	0.530895	-249.804687	248.632812
429317.298606	0.650036	-249.804687	248.632812
429317.300606	0.647827	7.126099	0.956023
429318.344672	0.455745	-329.394531	-20.507812
429318.346670	0.645330	-329.394531	-20.507812
429318.348670	0.647656	-329.394531	-20.507812
429318.350668	0.646012	7.106133	0.942079
429319.392719	0.378915	-239.453125	264.453125
429319.394723	0.624703	-239.453125	264.453125
429319.396730	0.648651	-239.453125	264.453125
429319.398724	0.646795	7.114747	0.950953
429320.441267	0.374891	-325.781250	-20.410156
429320.443267	0.623070	-325.781250	-20.410156
429320.445267	0.648676	-325.781250	-20.410156
429320.449267	0.645575	7.101320	0.892636
429321.491308	0.578667	-237.304687	268.945312
429321.493307	0.649178	-237.304687	268.945312
429321.495307	0.646952	7.116475	0.902067
429322.537888	0.291443	-316.113281	-19.433594
429322.539889	0.578960	-316.113281	-19.433594
429322.541891	0.649500	-316.113281	-19.433594
429322.543890	0.647175	7.118921	0.860966
429323.588381	0.570894	-232.910156	274.804687
429323.592382	0.647354	-232.910156	274.804687
429323.594384	0.645953	7.105485	0.842022
429324.636372	0.495719	-315.136719	-20.117187
429324.638373	0.648834	-315.136719	-20.117187
429324.640373	0.647859	7.126454	0.795560
429325.684405	0.413129	-205.468750	318.261719
429325.688405	0.648850	-205.468750	318.261719
429325.690409	0.648776	-205.468750	318.261719
429325.692408	0.645966	7.105627	0.818803
429326.732455	0.333353	-319.726562	-20.800781
429326.734457	0.603648	-319.726562	-20.800781
429326.736458	0.649019	-319.726562	-20.800781
429326.738457	0.646888	7.115766	0.792532
429327.781418	0.393394	-199.609375	327.441406
429327.783419	0.629911	-199.609375	327.441406
429327.785419	0.648422	-199.609375	327.441406
429327.787417	0.646617	7.112788	0.794408
429328.829967	0.385493	-319.238281	-21.582031
429328.831969	0.500234	-319.238281	-21.582031
429328.833966	0.498671	5.485377	0.765341
429329.882010	0.497915	-210.449219	311.523437
429329.884013	0.496629	5.462920	0.760936
429330.894574	0.413249	-332.812500	-24.023437
429330.896575	0.500366	-332.812500	-24.023437
429330.898579	0.498644	5.485084	0.971600
429331.976602	0.472218	-201.464844	324.414062
429331.978606	0.498679	-201.464844	324.414062
429331.980603	0.497096	5.468060	0.711271
429332.992659	0.485083	-325.390625	-23.632812
429332.994660	0.498924	-325.390625	-23.632812
429332.996665	0.497422	5.471640	1.005960
429334.040716	2.567730	-231.152344	277.636719
429334.042719	0.498941	-231.152344	277.636719
429334.044720	0.497346	5.470807	0.962762
429335.090734	0.499982	-322.851562	-23.437500
429335.092736	0.498372	-322.851562	-23.437500
429335.094736	0.497154	5.468698	0.929879
429336.136801	0.323720	-246.875000	251.562500
429336.138804	0.497116	-246.875000	251.562500
429336.142804	0.497144	5.468583	0.942469
429337.187359	0.496627	-321.093750	-23.339844
429337.189365	0.498181	5.479988	0.897739
429338.239403	0.498060	-240.332031	263.281250
429338.241406	0.497072	5.467794	0.905122
429339.283403	2.569556	-314.843750	-22.460937
429339.285405	0.439957	-314.843750	-22.460937
429339.287406	0.497519	5.472713	0.847231
429340.331441	0.370055	-214.648437	303.125000
429340.335440	0.498799	-214.648437	303.125000
429340.337444	0.497572	5.473289	0.868105
429341.383550	0.499829	-307.714844	-21.191406
429341.385551	0.498427	5.482700	0.956975
429342.429610	0.472586	-220.605469	294.433594
429342.431609	0.499122	-220.605469	294.433594
429342.433610	0.497501	5.472508	0.807760
429343.477642	0.428904	-320.800781	-22.363281
429343.479644	0.499342	-320.800781	-22.363281
429343.481647	0.497425	5.471675	0.790402
429344.525676	0.362234	-218.750000	296.777344
429344.527679	0.499259	-218.750000	296.777344
429344.529680	0.498317	5.481486	0.787815
429345.576256	0.498968	-309.179687	-20.605469
429345.578259	0.497863	5.476488	0.755500
429346.626310	0.498739	-194.824219	335.156250
429346.628309	0.497464	5.472101	0.768331
429347.638322	0.312331	-334.375000	-22.460937
429347.640323	0.495733	-334.375000	-22.460937
429347.644323	0.496722	5.463939	0.974035
429348.724328	0.497839	-212.695312	306.250000
429348.726327	0.496655	5.463203	0.719076
429349.736358	0.431601	-330.566406	-20.703125
429349.738358	0.499135	-330.566406	-20.703125
429349.740361	0.497378	5.471153	0.954360
429350.784396	0.367231	-233.300781	274.804687
429350.786399	0.499175	-233.300781	274.804687
429350.788398	0.498066	5.478721	0.978572
429351.834450	0.491970	-325.976562	-19.628906
429351.836451	0.498194	-325.976562	-19.628906
429351.838450	0.496904	5.465941	1.052927
429352.884462	0.499078	-244.433594	258.105469
429352.886464	0.497566	5.473227	0.919014
429353.933028	0.499105	-332.128906	-19.628906
429353.935030	0.497553	5.473084	0.896700
429354.979561	0.459834	-224.902344	288.183594
429354.981565	0.498612	-224.902344	288.183594
429354.983566	0.497057	5.467626	0.878539
429356.031630	0.497938	-332.617187	-19.335937
429356.033632	0.496918	5.466101	0.849997
429357.078617	0.499912	-209.863281	311.718750
429357.082615	0.497227	5.469495	0.838393
429358.124684	0.400320	-328.808594	-19.531250
429358.126684	0.499415	-328.808594	-19.531250
429358.128684	0.497800	5.475805	0.819559
429359.174687	0.496853	-221.972656	293.554687
429359.176688	0.498671	5.485377	1.041389
429360.223248	0.496060	-311.425781	-17.675781
429360.225248	0.498170	5.479873	0.797258
429361.271279	0.477373	-219.628906	296.289062
429361.273280	0.498703	-219.628906	296.289062
429361.275280	0.497378	5.471153	0.797749
429362.319888	0.478929	-314.941406	-18.066406
429362.321890	0.498605	-314.941406	-18.066406
429362.323891	0.497162	5.468778	0.778835
429363.367937	0.441112	-198.046875	329.101562
429363.369938	0.500093	-198.046875	329.101562
429363.371938	0.498253	5.480786	0.756734
429364.383986	2.218527	-336.816406	-20.312500
429364.385988	0.499656	-336.816406	-20.312500
429364.387988	0.498169	5.479856	0.972846
429365.468083	0.498696	-211.035156	308.984375
429365.470084	0.497505	5.472553	0.943464
429366.483027	0.499321	-341.113281	-21.289062
429366.485031	0.497690	5.474591	0.953596
429367.529601	0.452513	-237.304687	269.531250
429367.531603	0.499126	-237.304687	269.531250
429367.533603	0.497385	5.471232	0.959745
429368.579634	0.499634	-325.390625	-20.703125
429368.581636	0.497993	5.477923	0.936544
429369.625645	0.314942	-230.761719	279.199219
429369.627647	0.496553	-230.761719	279.199219
429369.629646	0.498683	5.485509	0.952833
429370.675685	0.476214	-325.000000	-20.410156
429370.677689	0.498874	-325.000000	-20.410156
429370.679689	0.497383	5.471215	0.891172
429371.725718	0.499048	-218.066406	297.558594
429371.727719	0.497371	5.471082	0.888622
429372.773710	0.498827	-331.542969	-22.167969
429372.775710	0.497715	5.474866	0.857681
429373.821734	0.491184	-216.992187	301.562500
429373.823737	0.498613	-216.992187	301.562500
429373.825741	0.497225	5.469478	0.855198
429374.869781	0.463403	-316.699219	-20.898437
429374.871787	0.499241	-316.699219	-20.898437
429374.873793	0.497748	5.475229	0.811402
429375.917879	0.419637	-230.273437	280.175781
429375.919879	0.499251	-230.273437	280.175781
429375.921880	0.497590	5.473492	0.812503
429376.968814	0.499056	-312.402344	-20.898437
429376.970818	0.497436	5.471791	0.782149
429378.014839	0.398087	-211.816406	309.375000
429378.016841	0.500028	-211.816406	309.375000
429378.020841	0.497328	5.470612	0.792136
429379.064899	0.497100	-304.785156	-20.996094
429379.066901	0.498310	5.481406	0.766433
429380.112921	0.479327	-227.148437	284.472656
429380.118925	0.496161	-227.148437	284.472656
429380.120925	0.495431	5.449741	0.776407
429381.126914	0.264542	-335.742187	-24.609375
429381.128917	0.487103	-335.742187	-24.609375
429381.130917	0.498314	-335.742187	-24.609375
429381.132916	0.496888	5.465764	0.970348
429382.208939	0.370637	-194.531250	336.816406
429382.210941	0.499421	-194.531250	336.816406
429382.212941	0.498203	5.480237	0.750315
429383.224980	0.401162	-332.519531	-24.707031
429383.226983	0.499786	-332.519531	-24.707031
429383.228981	0.498005	5.478056	0.955589
429384.275013	0.496821	-235.449219	271.875000
429384.277017	0.498149	5.479634	0.971352
429385.323042	0.479919	-338.476562	-24.707031
429385.325045	0.498870	-338.476562	-24.707031
429385.327045	0.497535	5.472889	0.942032
429386.371036	0.437396	-237.695312	267.089844
429386.373039	0.499228	-237.695312	267.089844
429386.375038	0.497506	5.472570	0.935345
429387.421101	0.499323	-331.933594	-24.218750
429387.425101	0.496693	5.463620	0.895633
429388.468082	0.426672	-231.250000	278.320312
429388.470083	0.499327	-231.250000	278.320312
429388.474084	0.496486	5.461342	0.895541
429389.518130	0.499870	-313.867187	-22.656250
429389.520132	0.498924	5.488159	1.165686
429390.566161	0.489798	-237.792969	267.382812
429390.568162	0.498551	-237.792969	267.382812
429390.570162	0.497038	5.467413	0.952782
429391.614211	0.462334	-323.437500	-22.949219
429391.616212	0.499261	-323.437500	-22.949219
429391.618214	0.497567	5.473235	0.807404
429392.662795	0.463075	-217.089844	300.195312
429392.666795	0.498105	-217.089844	300.195312
429392.668799	0.496980	5.466784	0.812824
429393.710831	0.412325	-323.925781	-22.558594
429393.712834	0.500632	-323.925781	-22.558594
429393.714833	0.498982	5.488806	0.786065
429394.761800	0.499522	-202.050781	324.511719
429394.763802	0.497919	5.477108	0.788082
429395.807802	0.390429	-308.105469	-20.410156
429395.809805	0.499887	-308.105469	-20.410156
429395.811804	0.498360	5.481965	0.764654
429396.858235	0.499176	-203.906250	321.777344
429396.860236	0.498066	-203.906250	321.777344
429396.862236	0.496796	5.464754	0.770110
429397.872267	0.401278	-335.742187	-22.851562
429397.874270	0.500221	-335.742187	-22.851562
429397.876269	0.498595	5.484544	0.963624
429398.954332	0.468663	-193.164062	338.476562
429398.956332	0.499133	-193.164062	338.476562
429398.958332	0.497705	5.474751	0.724338
429399.970331	0.479213	-343.945312	-22.851562
429399.972331	0.498377	-343.945312	-22.851562
429399.974333	0.496948	5.466429	0.958985
429401.018331	0.437750	-246.093750	255.664062
429401.020334	0.499138	-246.093750	255.664062
429401.022333	0.497408	5.471489	0.959597
429402.068366	0.499608	-326.757812	-21.484375
429402.070368	0.498277	5.481051	0.940064
429403.114435	0.298304	-251.660156	246.875000
429403.116436	0.306236	-251.660156	246.875000
429403.120434	0.498072	-251.660156	246.875000
429403.122435	0.497064	5.467705	0.950552
429404.166412	0.499289	-328.125000	-20.507812
429404.168415	0.497841	5.476248	0.894848
429405.212465	0.419775	-241.113281	262.792969
429405.214467	0.499209	-241.113281	262.792969
429405.218468	0.496258	5.458834	0.905492
429406.261084	0.425209	-321.582031	-19.824219
429406.263087	0.499702	-321.582031	-19.824219
429406.265088	0.497955	5.477507	0.857028
429407.309132	0.358062	-216.992187	299.902344
429407.311133	0.498928	-216.992187	299.902344
429407.313132	0.498187	5.480059	0.864637
429408.359166	0.489606	-315.039062	-19.433594
429408.361170	0.498559	-315.039062	-19.433594
429408.365168	0.496125	5.457372	0.823462
429409.407254	0.464291	-225.781250	286.523437
429409.409256	0.498691	-225.781250	286.523437
429409.411255	0.497156	5.468716	0.827685
429410.457813	0.499926	-328.125000	-20.019531
429410.461819	0.497440	5.471835	0.787406
429411.503835	0.411312	-212.988281	307.128906
429411.505835	0.499981	-212.988281	307.128906
429411.507837	0.498260	5.480857	0.788893
429412.551907	0.343630	-325.585937	-19.531250
429412.553910	0.498229	-325.585937	-19.531250
429412.555909	0.498153	5.479687	0.774352
429413.599920	0.255238	-220.703125	295.214844
429413.601921	0.484667	-220.703125	295.214844
429413.603922	0.486115	-220.703125	295.214844
429413.605923	0.497038	5.467422	0.776605
429414.616430	0.363968	-342.675781	-20.605469
429414.618434	0.499014	-342.675781	-20.605469
429414.620433	0.499099	5.490091	0.969118
429415.698938	0.478836	-196.484375	333.300781
429415.700938	0.499240	-196.484375	333.300781
429415.704938	0.496798	5.464781	0.743376
429416.714981	0.488310	-329.394531	-21.093750
429416.716983	0.498361	-329.394531	-21.093750
429416.720981	0.496006	5.456069	0.967642
429417.763024	0.460282	-236.718750	270.996094
429417.767026	0.498832	-236.718750	270.996094
429417.769026	0.497872	5.476594	0.969937
429418.811059	0.406712	-330.761719	-21.582031
429418.813061	0.499954	-330.761719	-21.582031
429418.815061	0.498360	5.481965	0.938959
429419.861126	0.498393	-254.687500	242.480469
429419.863129	0.498661	5.485270	0.937796
429420.908042	0.385804	-324.902344	-21.093750
429420.910043	0.499345	-324.902344	-21.093750
429420.912043	0.497788	5.475672	0.899949
429421.960066	0.499505	-220.605469	294.726562
429421.962067	0.498233	5.480565	1.061409
429423.006060	0.468401	-330.761719	-23.144531
429423.008062	0.499128	-330.761719	-23.144531
429423.010063	0.497610	5.473714	0.862869
429424.054080	0.421527	-228.710937	282.226562
429424.056081	0.499716	-228.710937	282.226562
429424.058083	0.497705	5.474751	0.853071
429425.102130	0.353985	-312.695312	-21.972656
429425.104132	0.499066	-312.695312	-21.972656
429425.106132	0.498474	5.483214	0.818769
429426.152639	0.498778	-210.742187	310.839844
429426.154641	0.498675	5.485430	0.824335
429427.200708	0.486831	-320.703125	-23.046875
429427.202711	0.498297	-320.703125	-23.046875
429427.204709	0.498255	5.480803	0.789130
429428.249288	0.487191	-215.820312	302.929687
429428.251289	0.498848	-215.820312	302.929687
429428.253290	0.497412	5.471534	0.880406
429429.297340	0.456602	-304.003906	-21.582031
429429.299342	0.499255	-304.003906	-21.582031
429429.301342	0.497684	5.474520	0.779021
429430.345362	0.401599	-208.007812	314.648437
429430.347367	0.409474	-208.007812	314.648437
429430.349370	0.498425	5.482674	0.773783
429431.363463	0.499397	-337.304687	-24.609375
429431.367464	0.496501	5.461510	0.957695
429432.442046	0.337912	-214.257812	304.882812
429432.444049	0.498488	-214.257812	304.882812
429432.446048	0.498676	5.485439	0.751864
429433.458584	0.431228	-334.863281	-24.414062
429433.460586	0.499169	-334.863281	-24.414062
429433.462587	0.497490	5.472384	0.953830
429434.541163	0.497784	-210.058594	311.523437
429434.543166	0.498453	5.482984	0.705135
429435.555705	0.428193	-334.375000	-24.707031
429435.557707	0.499268	-334.375000	-24.707031
429435.559708	0.497572	5.473297	0.926024
429436.603733	0.360359	-246.191406	253.320312
429436.605735	0.498823	-246.191406	253.320312
429436.607735	0.497846	5.476310	0.945991
429437.651722	0.268043	-320.800781	-23.437500
429437.653724	0.488547	-320.800781	-23.437500
429437.655723	0.499014	-320.800781	-23.437500
429437.657724	0.497735	5.475088	0.908082
429438.701751	0.456975	-226.660156	286.328125
429438.703752	0.499189	-226.660156	286.328125
429438.705752	0.497608	5.473687	0.913736
429439.749824	0.408062	-324.902344	-23.730469
429439.751825	0.499696	-324.902344	-23.730469
429439.753825	0.497956	5.477516	0.860659
429440.798369	0.404061	-227.441406	285.449219
429440.800373	0.500160	-227.441406	285.449219
429440.802372	0.498497	5.483462	0.866622
429441.846416	0.329620	-315.039062	-22.265625
429441.848418	0.497565	-315.039062	-22.265625
429441.850419	0.498396	5.482355	0.820452
429442.896500	0.483862	-232.617187	275.878906
429442.898500	0.498708	-232.617187	275.878906
429442.900500	0.497323	5.470550	0.825772
429443.945030	0.481893	-309.863281	-20.800781
429443.947032	0.498677	-309.863281	-20.800781
429443.949032	0.498593	5.484526	0.824752
429444.993087	0.446187	-233.789062	276.171875
429444.995089	0.499140	-233.789062	276.171875
429444.997089	0.497498	5.472482	0.797372
429446.041078	0.380483	-318.164062	-22.070312
429446.043078	0.386372	-318.164062	-22.070312
429446.045078	0.498885	5.487734	0.780694
429447.089659	0.382202	-209.082031	312.792969
429447.091661	0.499583	-209.082031	312.792969
429447.093662	0.498143	5.479572	0.769954
429448.105686	0.410500	-340.917969	-23.535156
429448.107687	0.501101	-340.917969	-23.535156
429448.109688	0.499336	5.492697	0.961355
429449.186249	0.297461	-207.714844	315.625000
429449.188247	0.494943	-207.714844	315.625000
429449.190249	0.495852	-207.714844	315.625000
429449.192248	0.498085	5.478934	0.744997
429450.204237	0.497145	-339.746094	-22.851562
429450.206239	0.498297	5.481265	0.955100
429451.250776	0.319704	-245.019531	257.128906
429451.252776	0.496697	-245.019531	257.128906
429451.254778	0.498289	5.481176	0.964190
429452.302842	0.499841	-338.378906	-22.753906
429452.304845	0.498400	5.482399	0.951402
429453.349811	0.496615	-227.148437	285.546875
429453.351811	0.500786	-227.148437	285.546875
429453.353814	0.499514	5.494656	0.929701
429454.397893	0.475992	-333.886719	-21.582031
429454.399896	0.499936	-333.886719	-21.582031
429454.401895	0.498505	5.483551	0.897574
429455.446802	0.490989	-239.062500	268.457031
429455.448803	0.499669	-239.062500	268.457031
429455.450803	0.498375	5.482124	0.995347
429456.495321	0.488657	-323.437500	-20.703125
429456.497323	0.499134	-323.437500	-20.703125
429456.499323	0.497848	5.476328	0.951142
429457.543375	0.458725	-222.753906	292.871094
429457.545377	0.499224	-222.753906	292.871094
429457.547376	0.497642	5.474060	0.850258
429458.591373	0.401797	-317.382812	-19.238281
429458.593375	0.500248	-317.382812	-19.238281
429458.595375	0.498617	5.484783	0.837701
429459.639379	1.948312	-213.281250	307.421875
429459.641381	0.497102	-213.281250	307.421875
429459.643382	0.498634	5.484978	0.843558
429460.689443	0.480169	-311.816406	-18.652344
429460.691446	0.498899	-311.816406	-18.652344
429460.693445	0.497486	5.472349	0.816948
429461.737513	0.444897	-228.222656	282.812500
429461.739523	0.499619	-228.222656	282.812500
429461.741531	0.497897	5.476869	0.791162
429462.785538	0.384335	-313.867187	-19.628906
429462.789538	0.498142	-313.867187	-19.628906
429462.791541	0.497225	5.469478	0.764359
429463.833628	0.312525	-205.371094	318.847656
429463.835628	0.496423	-205.371094	318.847656
429463.839627	0.497657	5.474228	0.770234
429464.883700	0.478273	-305.566406	-19.335937
429464.885701	0.498897	-305.566406	-19.335937
429464.887701	0.497512	5.472633	0.761786
429465.931733	0.437124	-198.535156	329.589844
429465.933733	0.499330	-198.535156	329.589844
429465.935734	0.497690	5.474591	0.740628
429466.947774	0.457386	-336.621094	-22.558594
429466.949775	0.499384	-336.621094	-22.558594
429466.951775	0.497798	5.475779	0.957416
429467.995829	0.405266	-239.843750	267.285156
429467.997832	0.500010	-239.843750	267.285156
429467.999830	0.498195	5.480148	0.981429
429469.045874	0.497672	-336.523437	-22.558594
429469.047875	0.498132	5.479448	0.947891
429470.092486	0.339359	-234.960937	273.925781
429470.094487	0.498524	-234.960937	273.925781
429470.096488	0.498648	5.485128	0.947086
429471.140479	0.247589	-322.753906	-21.386719
429471.142483	0.482641	-322.753906	-21.386719
429471.144482	0.498723	-322.753906	-21.386719
429471.146483	0.497270	5.469974	0.917404
429472.192531	0.499578	-223.925781	290.917969
429472.194533	0.497952	5.477471	0.901130
429473.238508	0.381835	-328.027344	-22.851562
429473.240510	0.387723	-328.027344	-22.851562
429473.242507	0.498729	5.486015	0.860554
429474.287515	0.432340	-233.300781	275.781250
429474.289522	0.499496	-233.300781	275.781250
429474.291524	0.499322	5.492546	0.850356
429475.335599	0.374031	-326.074219	-23.535156
429475.337601	0.500327	-326.074219	-23.535156
429475.339600	0.498982	5.488806	0.818387
429476.384549	0.419706	-238.085937	267.578125
429476.386550	0.499691	-238.085937	267.578125
429476.388551	0.498023	5.478251	0.818936
429477.432590	0.350001	-311.914062	-22.558594
429477.434593	0.499658	-311.914062	-22.558594
429477.436594	0.499238	5.491615	0.792484
429478.482616	0.486497	-220.410156	294.726562
429478.484614	0.498469	-220.410156	294.726562
429478.486615	0.497043	5.467475	0.880557
429479.532675	0.499707	-304.199219	-21.289062
429479.534678	0.498217	5.480387	0.762702
429480.578690	0.401848	-208.691406	313.867187
429480.580694	0.500967	-208.691406	313.867187
429480.582692	0.500925	5.510173	0.777591
429481.628740	0.497386	-316.308594	-23.730469
429481.630741	0.498485	5.483338	0.751958
429482.678735	0.499403	-215.722656	304.003906
429482.680733	0.497935	5.477285	0.758280
429483.695229	0.498043	-336.425781	-26.171875
429483.697233	0.496934	5.466269	0.955958
429484.773738	0.469416	-196.582031	333.984375
429484.775740	0.499409	-196.582031	333.984375
429484.777740	0.497930	5.477232	0.711747
429485.791810	0.498877	-329.101562	-24.609375
429485.795814	0.496535	5.461883	0.981359
429486.838320	0.480451	-258.105469	237.011719
429486.840322	0.482489	-258.105469	237.011719
429486.842320	0.497279	5.470071	0.970054
429487.886333	1.850129	-325.292969	-24.804687
429487.890331	0.498007	-325.292969	-24.804687
429487.892334	0.497957	5.477525	0.917820
429488.934392	0.382263	-234.375000	272.167969
429488.936394	0.499505	-234.375000	272.167969
429488.938394	0.498107	5.479173	0.913720
429489.986410	0.499417	-320.019531	-23.242187
429489.988417	0.498180	5.479980	0.881691
429491.034485	0.499171	-242.773437	261.230469
429491.036484	0.497644	5.474086	0.859620
429492.079453	0.280830	-316.699219	-22.949219
429492.081454	0.491593	-316.699219	-22.949219
429492.083453	0.499098	-316.699219	-22.949219
429492.085454	0.497807	5.475876	0.833650
429493.129524	0.465904	-215.625000	302.734375
429493.131528	0.499672	-215.625000	302.734375
429493.133528	0.498128	5.479412	0.812150
429494.177962	0.455381	-313.378906	-22.070312
429494.179964	0.499530	-313.378906	-22.070312
429494.181964	0.497850	5.476355	0.781518
429495.228021	0.500375	-213.183594	307.031250
429495.230023	0.498732	5.486050	0.790123
429496.274059	0.328817	-317.871094	-21.679687
429496.276060	0.497670	-317.871094	-21.679687
429496.278061	0.498537	5.483905	0.768263
429497.324593	0.497133	-202.734375	322.265625
429497.326596	0.498429	5.482718	0.771905
429498.376620	0.497602	-308.300781	-19.921875
429498.378621	0.496515	5.461670	0.762328
429499.420642	0.437309	-213.867187	305.371094
429499.422642	0.499852	-213.867187	305.371094
429499.424649	0.498265	5.480919	0.761727
429500.439261	0.500672	-338.378906	-22.460937
429500.441264	0.499308	5.492387	1.027210
429501.483814	2.629146	-241.503906	263.378906
429501.485817	0.489462	-241.503906	263.378906
429501.487815	0.499309	-241.503906	263.378906
429501.489814	0.498016	5.478180	0.959973
429502.533861	0.459843	-328.125000	-21.875000
429502.535862	0.499260	-328.125000	-21.875000
429502.537863	0.497840	5.476240	0.939765
429503.581868	0.405661	-239.746094	266.308594
429503.583871	0.499795	-239.746094	266.308594
429503.585871	0.498171	5.479882	0.939255
429504.631947	0.498023	-336.621094	-21.679687
429504.633950	0.498534	5.483870	1.144005
429505.677979	0.251476	-230.273437	281.054687
429505.679982	0.483781	-230.273437	281.054687
429505.681982	0.498751	-230.273437	281.054687
429505.683982	0.497361	5.470966	0.916369
429506.730008	0.499644	-318.554687	-19.628906
429506.732010	0.498117	5.479288	0.883242
429507.776056	1.392314	-219.726562	297.167969
429507.778059	0.500281	-219.726562	297.167969
429507.780059	0.498534	5.483879	0.866904
429508.826125	0.496787	-315.722656	-20.507812
429508.830123	0.497421	5.471631	0.844851
429509.874205	0.480665	-233.105469	277.246094
429509.876206	0.499317	-233.105469	277.246094
429509.878206	0.497809	5.475903	0.833067
429510.924735	0.499090	-319.628906	-20.703125
429510.926739	0.497643	-319.628906	-20.703125
429510.928739	0.496578	5.462353	0.802206
429511.972770	0.499986	-226.953125	285.351562
429511.974772	0.498270	5.480972	0.785826
429513.019312	0.433788	-313.183594	-20.605469
429513.021316	0.499645	-313.183594	-20.605469
429513.023315	0.497918	5.477099	0.770826
429514.067366	0.372347	-202.050781	322.753906
429514.069368	0.499848	-202.050781	322.753906
429514.071368	0.498556	5.484118	0.786081
429515.117413	0.493215	-318.066406	-21.386719
429515.119415	0.498525	-318.066406	-21.386719
429515.121417	0.497187	5.469061	0.758795
429516.166411	0.499424	-221.093750	296.093750
429516.170412	0.497663	-221.093750	296.093750
429516.172413	0.496704	5.463744	0.770233
429517.182407	0.500194	-336.718750	-23.242187
429517.184409	0.498701	5.485713	0.953144
429518.260930	0.257297	-200.195312	328.125000
429518.262932	0.485594	-200.195312	328.125000
429518.264932	0.498994	-200.195312	328.125000
429518.266933	0.497498	5.472482	0.726314
429519.277006	0.299063	-327.246094	-22.949219
429519.279008	0.494768	-327.246094	-22.949219
429519.281008	0.498931	-327.246094	-22.949219
429519.283008	0.497673	5.474405	0.944205
429520.327074	0.473130	-240.625000	265.332031
429520.329075	0.499401	-240.625000	265.332031
429520.331075	0.497908	5.476984	0.948526
429521.375145	0.433706	-324.804687	-23.925781
429521.377147	0.499793	-324.804687	-23.925781
429521.379145	0.498018	5.478198	0.916088
429522.425160	0.499742	-227.050781	286.523437
429522.427163	0.498789	5.486680	0.919298
429523.475185	0.499220	-313.964844	-22.265625
429523.479185	0.496944	5.466385	0.983355
429524.523221	0.499917	-218.847656	297.265625
429524.525229	0.498402	5.482426	0.872148
429525.571191	0.499673	-308.984375	-22.265625
429525.573190	0.497871	5.476576	0.829934
429526.617216	0.329385	-230.859375	279.003906
429526.619218	0.497852	-230.859375	279.003906
429526.621217	0.498585	5.484437	0.832793
429527.667275	0.483125	-313.574219	-23.242187
429527.669276	0.499339	-313.574219	-23.242187
429527.671277	0.497948	5.477427	0.829672
429528.717285	0.500594	-228.222656	283.984375
429528.719285	0.498880	5.487681	0.794142
429529.763844	0.442507	-308.691406	-22.949219
429529.765847	0.499691	-308.691406	-22.949219
429529.767846	0.498055	5.478606	0.755583
429530.811861	0.377622	-229.785156	280.468750
429530.813863	0.501128	-229.785156	280.468750
429530.815864	0.499611	5.495719	0.795299
429531.827886	0.404767	-340.136719	-25.488281
429531.829886	0.500092	-340.136719	-25.488281
429531.833884	0.497149	5.468636	0.953523
429532.909905	0.467852	-199.218750	329.687500
429532.911906	0.499581	-199.218750	329.687500
429532.913907	0.497995	5.477950	0.739220
429533.923917	0.235508	-329.980469	-25.585937
429533.925918	0.479041	-329.980469	-25.585937
429533.927918	0.498720	-329.980469	-25.585937
429533.929919	0.497296	5.470258	0.946229
429535.005948	0.346570	-196.679687	333.007812
429535.007948	0.500003	-196.679687	333.007812
429535.009949	0.499787	5.497660	0.716699
429536.022029	0.384207	-326.757812	-24.511719
429536.024034	0.500085	-326.757812	-24.511719
429536.026035	0.498616	5.484774	0.927079
429537.070090	0.301526	-244.335937	258.300781
429537.072087	0.495755	-244.335937	258.300781
429537.074087	0.499273	-244.335937	258.300781
429537.078086	0.497031	5.467342	0.943749
429538.122124	0.499543	-318.359375	-24.316406
429538.124128	0.498053	5.478588	0.898478
429539.168188	0.434193	-235.644531	271.093750
429539.170190	0.499520	-235.644531	271.093750
429539.172192	0.497745	5.475194	0.914868
429540.216245	0.372865	-330.859375	-25.195312
429540.218245	0.499434	-330.859375	-25.195312
429540.220247	0.498271	5.480981	0.878267
429541.264280	0.289865	-231.933594	279.394531
429541.266282	0.493070	-231.933594	279.394531
429541.268283	0.498794	-231.933594	279.394531
429541.270282	0.497423	5.471649	0.876766
429542.316297	0.499873	-320.800781	-23.925781
429542.318301	0.498334	5.481672	0.829395
429543.362857	0.464786	-230.078125	280.175781
429543.364859	0.499099	-230.078125	280.175781
429543.366858	0.497527	5.472801	0.828336
429544.411425	0.464067	-313.476562	-22.558594
429544.413426	0.499332	-313.476562	-22.558594
429544.415428	0.497811	5.475921	0.798265
429545.459492	0.418559	-222.363281	293.066406
429545.461493	0.499634	-222.363281	293.066406
429545.463497	0.497982	5.477799	0.799333
429546.509549	0.498975	-305.859375	-20.312500
429546.511555	0.498507	5.483578	0.776856
429547.557584	0.487958	-223.437500	290.234375
429547.559586	0.498621	-223.437500	290.234375
429547.561586	0.497247	5.469717	0.788136
429548.572203	0.388807	-335.449219	-23.730469
429548.574206	0.500552	-335.449219	-23.730469
429548.576206	0.498926	5.488186	0.962851
429549.654272	0.462135	-198.730469	330.371094
429549.656273	0.499726	-198.730469	330.371094
429549.658274	0.498182	5.480006	0.752399
429550.672237	0.499069	-341.894531	-23.632812
429550.674239	0.499048	5.489524	0.954770
429551.750277	0.328682	-196.191406	332.421875
429551.752279	0.498530	-196.191406	332.421875
429551.756276	0.498190	5.480086	0.721745
429552.766308	0.362289	-331.152344	-22.851562
429552.768310	0.500870	-331.152344	-22.851562
429552.770310	0.499808	5.497890	0.927415
429553.816356	0.490796	-254.589844	244.726562
429553.818357	0.498576	-254.589844	244.726562
429553.820359	0.497205	5.469256	0.940091
429554.862959	0.283678	-326.953125	-22.558594
429554.864960	0.491895	-326.953125	-22.558594
429554.866961	0.498854	-326.953125	-22.558594
429554.870958	0.496565	5.462211	0.907864
429555.914994	0.499312	-236.523437	271.484375
429555.916995	0.497735	-236.523437	271.484375
429555.918996	0.496626	5.462884	0.892429
429556.965035	0.498397	-319.335937	-20.898437
429556.967038	0.497192	5.469114	0.887013
429558.009554	0.410290	-241.308594	264.550781
429558.011556	0.500860	-241.308594	264.550781
429558.013557	0.499012	5.489134	0.861142
429559.060531	0.499468	-314.648437	-20.507812
429559.062536	0.497809	5.475894	0.830746
429560.106553	0.390720	-223.242187	291.894531
429560.108555	0.500399	-223.242187	291.894531
429560.110555	0.498749	5.486236	0.833497
429561.154601	0.314491	-312.402344	-20.800781
429561.156604	0.496366	-312.402344	-20.800781
429561.158603	0.498480	5.483285	0.815194
429562.205510	0.499374	-210.156250	312.011719
429562.207511	0.498333	5.481663	0.804598
429563.253509	0.490033	-322.753906	-22.265625
429563.255512	0.498821	-322.753906	-22.265625
429563.257510	0.497424	5.471667	0.808424
429564.300455	0.334234	-208.007812	316.113281
429564.302457	0.499019	-208.007812	316.113281
429564.304458	0.499483	5.494310	0.773945
429565.348513	0.252183	-305.273437	-20.605469
429565.350514	0.484602	-305.273437	-20.605469
429565.352514	0.499455	-305.273437	-20.605469
429565.354513	0.498020	5.478225	0.758323
429566.400545	0.499970	-197.070312	331.152344
429566.402548	0.498365	5.482018	0.744597
429567.414553	0.464530	-336.816406	-24.023437
429567.416556	0.499417	-336.816406	-24.023437
429567.418557	0.497917	5.477090	0.949574
429568.497146	0.500529	-221.289062	295.507812
429568.499150	0.499097	5.490065	0.712344
429569.511175	0.416326	-337.597656	-24.316406
429569.513178	0.499870	-337.597656	-24.316406
429569.515178	0.498172	5.479891	0.940308
429570.559145	0.332563	-235.253906	274.902344
429570.561146	0.498638	-235.253906	274.902344
429570.563149	0.499401	5.493406	0.951139
429571.609156	0.482232	-323.632812	-24.218750
429571.611158	0.499247	-323.632812	-24.218750
429571.613159	0.497759	5.475345	0.949368
429572.657184	0.444545	-228.906250	284.082031
429572.659184	0.499935	-228.906250	284.082031
429572.661184	0.498248	5.480733	0.914165
429573.708098	0.499061	-323.437500	-24.609375
429573.710097	0.497565	5.473217	0.869775
429574.754674	0.470583	-225.000000	290.332031
429574.756674	0.499716	-225.000000	290.332031
429574.758674	0.498239	5.480627	0.871459
429575.804693	0.500673	-311.328125	-23.437500
429575.806696	0.498901	5.487911	0.823762
429576.850728	0.354689	-237.890625	269.140625
429576.852730	0.499593	-237.890625	269.140625
429576.854731	0.498945	5.488390	0.838062
429577.901671	0.500599	-307.421875	-22.851562
429577.903674	0.498967	5.488638	0.792881
429578.947683	0.324530	-214.257812	305.761719
429578.949684	0.497306	-214.257812	305.761719
429578.951683	0.498444	5.482886	0.807119
429579.997685	0.478060	-309.082031	-22.460937
429579.999686	0.499131	-309.082031	-22.460937
429580.001687	0.497693	5.474627	0.777257
429581.045735	0.439316	-205.761719	318.164062
429581.047737	0.499553	-205.761719	318.164062
429581.049737	0.497838	5.476213	0.778920
429582.063774	0.499541	-335.351562	-25.292969
429582.065777	0.497794	5.475734	0.961687
