time (s)	coil I (A)	last det (V)	int current (uC)
427151.659067	0.473843	-303.808594	-4.589844
427151.661069	0.745858	-303.808594	-4.589844
427151.663069	0.797085	-303.808594	-4.589844
427151.665070	0.794593	8.740519	0.359546
427152.741101	0.576984	-125.292969	479.003906
427152.743103	0.788325	-125.292969	479.003906
427152.745102	0.796113	-125.292969	479.003906
427152.747104	0.794156	8.735716	0.227586
427153.757147	0.608176	-298.632812	-5.664062
427153.759151	0.793995	-298.632812	-5.664062
427153.761153	0.795402	-298.632812	-5.664062
427153.763151	0.793450	8.727952	0.631360
427154.839173	0.706252	-123.925781	481.835937
427154.841174	0.797353	-123.925781	481.835937
427154.843174	0.794672	8.741387	0.206382
427155.853196	0.446626	-290.039062	-5.664062
427155.855200	0.728614	-290.039062	-5.664062
427155.857197	0.796610	-290.039062	-5.664062
427155.861197	0.792344	8.715784	0.320348
427156.905238	0.797580	-139.160156	444.921875
427156.907241	0.795388	-139.160156	444.921875
427156.909241	0.793616	8.729778	0.324233
427157.949263	0.279058	-292.480469	-7.421875
427157.951266	0.584670	-292.480469	-7.421875
427157.953266	0.789471	-292.480469	-7.421875
427157.955266	0.795440	-292.480469	-7.421875
427157.959264	0.791992	8.711911	0.314138
427159.001305	0.761331	-140.332031	438.378906
427159.003306	0.796322	-140.332031	438.378906
427159.005307	0.793977	8.733747	0.296651
427160.047344	0.424376	-280.664062	-6.347656
427160.049345	0.713320	-280.664062	-6.347656
427160.051345	0.797693	-280.664062	-6.347656
427160.053344	0.794949	8.744435	0.297151
427161.095807	0.407098	-140.234375	437.988281
427161.097808	0.700261	-140.234375	437.988281
427161.099808	0.797994	-140.234375	437.988281
427161.101808	0.795269	8.747954	0.283217
427162.143841	0.321240	-280.957031	-6.835937
427162.145842	0.624872	-280.957031	-6.835937
427162.147842	0.795769	-280.957031	-6.835937
427162.149842	0.795754	8.753298	0.275797
427163.193921	0.551484	-129.882812	464.062500
427163.195921	0.781138	-129.882812	464.062500
427163.197921	0.796157	-129.882812	464.062500
427163.199923	0.794063	8.734696	0.316892
427164.241953	0.470331	-285.058594	-7.617187
427164.245953	0.797217	-285.058594	-7.617187
427164.247954	0.794705	-285.058594	-7.617187
427164.249955	0.794644	8.741086	0.255396
427165.289995	0.389590	-135.156250	452.050781
427165.291998	0.686296	-135.156250	452.050781
427165.293997	0.798349	-135.156250	452.050781
427165.295998	0.795755	8.753307	0.246131
427166.338037	0.305826	-278.710937	-5.761719
427166.340040	0.610172	-278.710937	-5.761719
427166.342045	0.794424	-278.710937	-5.761719
427166.344043	0.795949	-278.710937	-5.761719
427166.346047	0.793984	8.733828	0.247553
427167.388079	0.528125	-127.246094	468.359375
427167.390080	0.772613	-127.246094	468.359375
427167.392082	0.796354	-127.246094	468.359375
427167.394079	0.794177	8.735946	0.229084
427168.436151	0.453159	-271.093750	-3.417969
427168.438153	0.733234	-271.093750	-3.417969
427168.440153	0.797481	-271.093750	-3.417969
427168.442153	0.794927	8.744197	0.224843
427169.484208	0.375341	-133.203125	458.105469
427169.486210	0.674288	-133.203125	458.105469
427169.488209	0.798112	-133.203125	458.105469
427169.490210	0.795709	8.752802	0.227100
427170.500759	0.487455	-289.550781	-7.421875
427170.502761	0.753209	-289.550781	-7.421875
427170.506760	0.793771	-289.550781	-7.421875
427170.508761	0.792164	8.713799	0.344813
427171.548795	0.405389	-158.886719	396.484375
427171.550797	0.698933	-158.886719	396.484375
427171.552796	0.797894	-158.886719	396.484375
427171.554797	0.795166	8.746829	0.356525
427172.597719	0.459517	-287.695312	-5.859375
427172.599721	0.737078	-287.695312	-5.859375
427172.601721	0.796913	-287.695312	-5.859375
427172.605721	0.792629	8.718922	0.322961
427173.645790	0.382107	-151.562500	413.964844
427173.647790	0.680037	-151.562500	413.964844
427173.649791	0.798116	-151.562500	413.964844
427173.651790	0.795497	8.750463	0.347874
427174.695885	0.607165	-289.746094	-4.980469
427174.697883	0.793497	-289.746094	-4.980469
427174.699883	0.795013	-289.746094	-4.980469
427174.701883	0.793109	8.724203	0.307009
427175.742434	0.301815	-139.550781	442.871094
427175.744439	0.606246	-139.550781	442.871094
427175.746436	0.795898	-139.550781	442.871094
427175.748437	0.798497	-139.550781	442.871094
427175.750438	0.796445	8.760893	0.327071
427176.792459	0.524430	-288.378906	-2.539062
427176.794459	0.770992	-288.378906	-2.539062
427176.796460	0.796330	-288.378906	-2.539062
427176.798459	0.794047	8.734519	0.270713
427177.840523	0.447421	-147.753906	424.414062
427177.842525	0.729175	-147.753906	424.414062
427177.844525	0.796633	-147.753906	424.414062
427177.846527	0.794021	8.734236	0.297809
427178.888577	0.368821	-286.035156	-0.097656
427178.890579	0.668638	-286.035156	-0.097656
427178.892579	0.798297	-286.035156	-0.097656
427178.894578	0.796018	8.756196	0.258829
427179.936555	0.273454	-136.816406	447.558594
427179.938559	0.579256	-136.816406	447.558594
427179.940560	0.788163	-136.816406	447.558594
427179.942558	0.795272	-136.816406	447.558594
427179.944558	0.793225	8.725471	0.279218
427180.986571	0.494927	-284.960937	2.929687
427180.988572	0.757284	-284.960937	2.929687
427180.990572	0.796585	-284.960937	2.929687
427180.994569	0.792695	8.719648	0.240631
427182.036615	0.707683	-136.523437	448.632812
427182.038617	0.797694	-136.523437	448.632812
427182.040620	0.794965	8.744614	0.254549
427183.083598	0.477546	-287.890625	4.589844
427183.085600	0.747597	-287.890625	4.589844
427183.087601	0.796106	-287.890625	4.589844
427183.089600	0.793679	8.730469	0.234531
427184.133688	0.697347	-133.593750	453.906250
427184.137686	0.794509	-133.593750	453.906250
427184.139688	0.792819	8.721004	0.245992
427185.148711	0.586247	-311.718750	1.269531
427185.150713	0.789417	-311.718750	1.269531
427185.152713	0.794975	-311.718750	1.269531
427185.154713	0.792985	8.722830	0.577160
427186.231297	0.745959	-117.968750	487.402344
427186.233297	0.796919	-117.968750	487.402344
427186.235300	0.794527	8.739792	0.220705
427187.245318	0.505196	-310.351562	2.539062
427187.247320	0.762265	-310.351562	2.539062
427187.249320	0.796240	-310.351562	2.539062
427187.253320	0.792299	8.715288	0.357162
427188.327376	0.610433	-123.046875	475.292969
427188.329377	0.794031	-123.046875	475.292969
427188.331377	0.795487	-123.046875	475.292969
427188.333377	0.793522	8.728741	0.203243
427189.343969	0.715889	-303.417969	4.492187
427189.345972	0.797176	-303.417969	4.492187
427189.347975	0.794448	8.738924	0.342307
427190.392018	0.648653	-132.421875	453.515625
427190.394019	0.797293	-132.421875	453.515625
427190.396020	0.795757	8.753325	0.320509
427191.440054	0.567359	-299.707031	4.882812
427191.442056	0.785179	-299.707031	4.882812
427191.446057	0.793238	-299.707031	4.882812
427191.450058	0.790671	8.697377	0.327109
427192.488089	0.488501	-137.792969	442.187500
427192.490089	0.753880	-137.792969	442.187500
427192.492090	0.796682	-137.792969	442.187500
427192.494091	0.794323	8.737550	0.301608
427193.538112	0.697789	-306.738281	3.222656
427193.540119	0.797635	-306.738281	3.222656
427193.542120	0.794961	8.744569	0.310618
427194.585024	0.453452	-129.687500	461.816406
427194.587025	0.733147	-129.687500	461.816406
427194.589025	0.796804	-129.687500	461.816406
427194.591024	0.794177	8.735946	0.295249
427195.633034	0.368831	-301.269531	3.320312
427195.635035	0.668535	-301.269531	3.320312
427195.637037	0.797913	-301.269531	3.320312
427195.639036	0.795596	8.751561	0.283985
427196.683992	0.715382	-128.125000	463.671875
427196.685995	0.796919	-128.125000	463.671875
427196.687995	0.794285	8.737134	0.283205
427197.732134	0.661872	-291.699219	3.710937
427197.734136	0.797103	-291.699219	3.710937
427197.736137	0.797173	8.768905	0.252753
427198.778193	0.278803	-130.371094	460.546875
427198.780195	0.584450	-130.371094	460.546875
427198.782195	0.789808	-130.371094	460.546875
427198.784195	0.795869	-130.371094	460.546875
427198.786197	0.793829	8.732118	0.267080
427199.828243	0.506746	-281.054687	4.296875
427199.830248	0.763204	-281.054687	4.296875
427199.832250	0.796610	-281.054687	4.296875
427199.834249	0.794297	8.737267	0.230842
427200.876299	0.428264	-136.718750	446.386719
427200.878301	0.716011	-136.718750	446.386719
427200.880300	0.797062	-136.718750	446.386719
427200.882301	0.794439	8.738826	0.249805
427201.892321	0.460330	-305.078125	-2.832031
427201.894323	0.737341	-305.078125	-2.832031
427201.896322	0.796351	-305.078125	-2.832031
427201.898321	0.793922	8.733137	0.362393
427202.973290	0.404265	-132.031250	459.472656
427202.977290	0.798147	-132.031250	459.472656
427202.979291	0.795500	-132.031250	459.472656
427202.981292	0.793853	8.732384	0.239469
427203.989361	0.443153	-290.820312	-1.855469
427203.991366	0.726203	-290.820312	-1.855469
427203.993364	0.796554	-290.820312	-1.855469
427203.995364	0.793930	8.733233	0.344195
427205.071429	0.551244	-127.343750	473.730469
427205.073430	0.560574	-127.343750	473.730469
427205.075428	0.795795	-127.343750	473.730469
427205.077429	0.793646	8.730105	0.290846
427206.087458	0.586490	-295.117187	-4.882812
427206.089459	0.789942	-295.117187	-4.882812
427206.091459	0.795484	-295.117187	-4.882812
427206.093460	0.793453	8.727987	0.338209
427207.168075	0.477825	-121.777344	486.718750
427207.170076	0.748206	-121.777344	486.718750
427207.172077	0.797087	-121.777344	486.718750
427207.174077	0.794631	8.740944	0.208546
427208.184109	0.510878	-286.718750	-4.882812
427208.186112	0.765424	-286.718750	-4.882812
427208.188113	0.797039	-286.718750	-4.882812
427208.190112	0.794830	8.743134	0.309124
427209.232128	0.426250	-150.000000	416.894531
427209.234131	0.714443	-150.000000	416.894531
427209.236135	0.796839	-150.000000	416.894531
427209.238134	0.794178	8.735955	0.330435
427210.280715	0.428700	-285.839844	-5.859375
427210.282715	0.716174	-285.839844	-5.859375
427210.284715	0.796540	-285.839844	-5.859375
427210.286716	0.793847	8.732321	0.297153
427211.328812	0.353865	-136.718750	447.558594
427211.330813	0.655188	-136.718750	447.558594
427211.332815	0.797503	-136.718750	447.558594
427211.336818	0.793996	8.733961	0.297409
427212.378866	0.578867	-285.839844	-6.738281
427212.380867	0.788592	-285.839844	-6.738281
427212.384865	0.793980	-285.839844	-6.738281
427212.386868	0.792520	8.717716	0.474308
427213.425820	0.330918	-131.152344	459.570312
427213.427822	0.633848	-131.152344	459.570312
427213.429823	0.796648	-131.152344	459.570312
427213.431822	0.795926	8.755186	0.283388
427214.475871	0.556988	-281.152344	-4.980469
427214.477872	0.782649	-281.152344	-4.980469
427214.479875	0.795943	-281.152344	-4.980469
427214.481873	0.793801	8.731807	0.359476
427215.523917	0.475658	-131.445312	461.328125
427215.525921	0.746672	-131.445312	461.328125
427215.527920	0.796384	-131.445312	461.328125
427215.529920	0.793963	8.733597	0.262705
427216.571993	0.401769	-278.320312	-5.078125
427216.573995	0.696551	-278.320312	-5.078125
427216.575994	0.800504	-278.320312	-5.078125
427216.577996	0.797762	8.775383	0.252857
427217.620021	0.317278	-129.394531	465.429687
427217.622028	0.621032	-129.394531	465.429687
427217.624028	0.796072	-129.394531	465.429687
427217.628031	0.794607	8.740678	0.247157
427218.670050	0.538829	-280.957031	-4.980469
427218.672052	0.776426	-280.957031	-4.980469
427218.674054	0.795832	-280.957031	-4.980469
427218.676054	0.793764	8.731408	0.239949
427219.719002	0.595262	-135.644531	451.367187
427219.721004	0.791735	-135.644531	451.367187
427219.723003	0.795588	-135.644531	451.367187
427219.727002	0.792161	8.713772	0.236147
427220.765550	0.284440	-269.921875	-1.464844
427220.767551	0.589828	-269.921875	-1.464844
427220.769550	0.791101	-269.921875	-1.464844
427220.773550	0.794105	-269.921875	-1.464844
427220.775550	0.792653	8.719187	0.233752
427221.815607	0.511720	-135.839844	450.292969
427221.817610	0.522048	-135.839844	450.292969
427221.819611	0.796398	-135.839844	450.292969
427221.821609	0.794178	8.735964	0.221047
427222.831600	0.540613	-294.824219	-7.324219
427222.833602	0.776953	-294.824219	-7.324219
427222.835602	0.795654	-294.824219	-7.324219
427222.837602	0.793487	8.728360	0.348053
427223.880190	0.543519	-158.300781	395.898437
427223.882192	0.778163	-158.300781	395.898437
427223.884192	0.795934	-158.300781	395.898437
427223.886192	0.793723	8.730947	0.360199
427224.930180	0.735066	-290.527344	-4.394531
427224.932184	0.797421	-290.527344	-4.394531
427224.934182	0.794672	8.741396	0.323823
427225.976197	0.370013	-145.410156	429.785156
427225.978196	0.669545	-145.410156	429.785156
427225.980198	0.797778	-145.410156	429.785156
427225.982199	0.795498	8.750480	0.339528
427227.024231	0.284060	-285.156250	-2.050781
427227.026232	0.589384	-285.156250	-2.050781
427227.028233	0.790415	-285.156250	-2.050781
427227.030234	0.795434	-285.156250	-2.050781
427227.032233	0.793470	8.728173	0.303843
427228.074287	0.511022	-149.902344	418.359375
427228.076288	0.764951	-149.902344	418.359375
427228.078290	0.796095	-149.902344	418.359375
427228.080289	0.793764	8.731400	0.313865
427229.122280	0.425140	-295.898437	-2.929687
427229.124283	0.713775	-295.898437	-2.929687
427229.126282	0.797523	-295.898437	-2.929687
427229.128283	0.794855	8.743408	0.272134
427230.174269	0.640790	-135.058594	453.222656
427230.176271	0.794868	-135.058594	453.222656
427230.178271	0.794787	8.742655	0.295884
427231.220298	0.551819	-284.375000	1.953125
427231.222301	0.780808	-284.375000	1.953125
427231.224303	0.795605	-284.375000	1.953125
427231.226300	0.793478	8.728253	0.258816
427232.268341	0.474116	-134.082031	455.273437
427232.270344	0.746246	-134.082031	455.273437
427232.272343	0.797602	-134.082031	455.273437
427232.274343	0.795031	8.745339	0.269459
427233.318370	0.686286	-292.968750	2.246094
427233.320369	0.797154	-292.968750	2.246094
427233.322370	0.794602	8.740617	0.230933
427234.367321	0.729460	-134.863281	450.683594
427234.369323	0.797354	-134.863281	450.683594
427234.371323	0.794672	8.741396	0.243652
427235.414251	0.500371	-286.132812	5.371094
427235.418251	0.796422	-286.132812	5.371094
427235.420255	0.794108	-286.132812	5.371094
427235.422253	0.794061	8.734670	0.218503
427236.462322	0.425422	-134.472656	451.855469
427236.464324	0.714137	-134.472656	451.855469
427236.466323	0.797739	-134.472656	451.855469
427236.468324	0.794986	8.744843	0.243374
427237.478329	0.455336	-309.375000	1.953125
427237.480330	0.734285	-309.375000	1.953125
427237.482331	0.796831	-309.375000	1.953125
427237.484331	0.794198	8.736176	0.357401
427238.562375	0.782945	-118.457031	486.425781
427238.566375	0.793469	-118.457031	486.425781
427238.568377	0.792047	8.712514	0.331824
427239.574443	0.294260	-302.929687	3.808594
427239.576445	0.598935	-302.929687	3.808594
427239.578445	0.792386	-302.929687	3.808594
427239.580445	0.795693	-302.929687	3.808594
427239.582446	0.793842	8.732259	0.351958
427240.656519	0.408769	-122.460937	474.804687
427240.658521	0.701678	-122.460937	474.804687
427240.660520	0.798463	-122.460937	474.804687
427240.662521	0.795745	8.753192	0.213293
427241.673108	0.525370	-305.664062	4.101562
427241.675111	0.771195	-305.664062	4.101562
427241.677112	0.796028	-305.664062	4.101562
427241.679117	0.793789	8.731674	0.327672
427242.721139	0.444139	-131.738281	457.324219
427242.723142	0.727234	-131.738281	457.324219
427242.725142	0.797316	-131.738281	457.324219
427242.727141	0.794655	8.741210	0.328562
427243.769151	0.358881	-303.222656	4.199219
427243.771153	0.659532	-303.222656	4.199219
427243.773154	0.796332	-303.222656	4.199219
427243.777149	0.792532	8.717849	0.325389
427244.819168	0.577282	-143.945312	429.785156
427244.821170	0.787922	-143.945312	429.785156
427244.823171	0.795527	-143.945312	429.785156
427244.825168	0.793503	8.728528	0.303614
427245.867180	0.492554	-300.292969	4.199219
427245.869183	0.755951	-300.292969	4.199219
427245.871183	0.758479	-300.292969	4.199219
427245.873184	0.794126	8.735388	0.288660
427246.915241	0.413921	-133.007812	453.710937
427246.917241	0.705359	-133.007812	453.710937
427246.919241	0.797202	-133.007812	453.710937
427246.921241	0.794454	8.738995	0.303355
427247.963261	0.328608	-291.308594	4.589844
427247.965263	0.631808	-291.308594	4.589844
427247.967263	0.799278	-291.308594	4.589844
427247.969263	0.799004	8.789041	0.272479
427249.015278	0.780010	-141.503906	435.546875
427249.017279	0.796244	-141.503906	435.546875
427249.019281	0.794079	8.734874	0.277800
427250.061383	0.477179	-294.335937	3.222656
427250.063386	0.747314	-294.335937	3.222656
427250.065385	0.795994	-294.335937	3.222656
427250.067385	0.793602	8.729618	0.278608
427251.111440	0.693181	-138.085937	445.507812
427251.113442	0.797343	-138.085937	445.507812
427251.115440	0.794721	8.741928	0.258432
427252.158399	0.454929	-287.597656	2.343750
427252.162399	0.796664	-287.597656	2.343750
427252.164401	0.794155	-287.597656	2.343750
427252.166400	0.792541	8.717947	0.276188
427253.206472	0.380613	-128.320312	469.531250
427253.208474	0.678640	-128.320312	469.531250
427253.212472	0.794953	-128.320312	469.531250
427253.214475	0.793088	8.723972	0.229274
427254.257064	0.679139	-281.835937	1.562500
427254.259067	0.797559	-281.835937	1.562500
427254.261068	0.795096	8.746058	0.249689
427255.307099	0.792935	-120.312500	490.722656
427255.309103	0.795853	-120.312500	490.722656
427255.313100	0.792522	8.717743	0.509404
427256.323099	0.795447	-299.511719	-4.394531
427256.325101	0.795053	-299.511719	-4.394531
427256.327100	0.793139	8.724531	0.391144
427257.369139	0.549726	-140.820312	440.429687
427257.371140	0.780226	-140.820312	440.429687
427257.373139	0.795874	-140.820312	440.429687
427257.375141	0.793805	8.731852	0.390400
427258.417146	0.464456	-297.070312	-5.371094
427258.419145	0.740152	-297.070312	-5.371094
427258.421145	0.796738	-297.070312	-5.371094
427258.423145	0.794183	8.736008	0.365117
427259.465165	0.380455	-150.292969	416.894531
427259.467168	0.678504	-150.292969	416.894531
427259.469168	0.797752	-150.292969	416.894531
427259.471167	0.795301	8.748308	0.312511
427260.515195	0.598500	-297.460937	-6.738281
427260.517197	0.792611	-297.460937	-6.738281
427260.519197	0.795900	-297.460937	-6.738281
427260.521197	0.793907	8.732977	0.607585
427261.561735	0.288514	-141.406250	438.476562
427261.563736	0.593641	-141.406250	438.476562
427261.567734	0.796025	-141.406250	438.476562
427261.569738	0.794029	-141.406250	438.476562
427261.571735	0.792578	8.718354	0.302802
427262.611828	0.521989	-288.964844	-6.445312
427262.613829	0.769833	-288.964844	-6.445312
427262.615830	0.796073	-288.964844	-6.445312
427262.617829	0.793888	8.732764	0.302318
427263.660387	0.519471	-138.085937	445.800781
427263.662389	0.768764	-138.085937	445.800781
427263.664388	0.796209	-138.085937	445.800781
427263.666389	0.793927	8.733198	0.285262
427264.708417	0.438438	-280.957031	-4.980469
427264.710418	0.723224	-280.957031	-4.980469
427264.712418	0.797267	-280.957031	-4.980469
427264.714418	0.794555	8.740103	0.269607
427265.758485	0.659845	-132.714844	460.058594
427265.760487	0.797831	-132.714844	460.058594
427265.762485	0.795883	8.754716	0.265423
427266.806504	0.575068	-277.636719	-4.687500
427266.808506	0.787297	-277.636719	-4.687500
427266.812503	0.793484	-277.636719	-4.687500
427266.814505	0.792016	8.712177	0.265510
427267.854587	0.498837	-139.941406	441.699219
427267.856588	0.759014	-139.941406	441.699219
427267.858588	0.796105	-139.941406	441.699219
427267.860588	0.793820	8.732019	0.251946
427268.903555	0.560316	-284.960937	-5.957031
427268.905555	0.783807	-284.960937	-5.957031
427268.907556	0.796031	-284.960937	-5.957031
427268.909556	0.793978	8.733757	0.357921
427269.951590	0.479957	-136.230469	449.707031
427269.953589	0.748999	-136.230469	449.707031
427269.955590	0.796267	-136.230469	449.707031
427269.957591	0.793860	8.732463	0.252989
427271.000175	0.481346	-275.585937	-2.148437
427271.002178	0.749560	-275.585937	-2.148437
427271.004178	0.795905	-275.585937	-2.148437
427271.006177	0.793569	8.729255	0.237541
427272.048191	0.397114	-136.621094	447.851562
427272.050194	0.692447	-136.621094	447.851562
427272.052193	0.798774	-136.621094	447.851562
427272.054192	0.796019	8.756206	0.232704
427273.064205	0.426372	-300.976562	-8.496094
427273.066207	0.714450	-300.976562	-8.496094
427273.068210	0.796667	-300.976562	-8.496094
427273.070207	0.794039	8.734430	0.373799
427274.146204	0.524930	-125.097656	480.566406
427274.148204	0.771271	-125.097656	480.566406
427274.150205	0.796440	-125.097656	480.566406
427274.152204	0.794245	8.736699	0.215473
427275.162227	0.558734	-300.097656	-8.105469
427275.164230	0.782981	-300.097656	-8.105469
427275.166231	0.795679	-300.097656	-8.105469
427275.168233	0.793594	8.729529	0.358584
427276.242800	0.443418	-125.195312	478.808594
427276.244801	0.456522	-125.195312	478.808594
427276.246802	0.797305	-125.195312	478.808594
427276.248803	0.794603	8.740634	0.213618
427277.258823	0.475716	-291.992187	-4.785156
427277.260824	0.746658	-291.992187	-4.785156
427277.262823	0.750117	-291.992187	-4.785156
427277.264824	0.793913	8.733047	0.337499
427278.306820	0.388078	-141.894531	439.648437
427278.308823	0.685123	-141.894531	439.648437
427278.310825	0.798824	-141.894531	439.648437
427278.312826	0.796213	8.758341	0.340682
427279.354878	0.306748	-285.546875	-1.757812
427279.356887	0.610936	-285.546875	-1.757812
427279.358893	0.794467	-285.546875	-1.757812
427279.360893	0.795775	8.753520	0.303243
427280.406942	0.774074	-137.207031	450.781250
427280.408943	0.796560	-137.207031	450.781250
427280.410944	0.794326	8.737585	0.309594
427281.453022	0.459930	-295.117187	-0.390625
427281.455025	0.737241	-295.117187	-0.390625
427281.457023	0.796745	-295.117187	-0.390625
427281.459025	0.794214	8.736354	0.281857
427282.501978	0.516645	-142.675781	435.351562
427282.503980	0.767654	-142.675781	435.351562
427282.505983	0.796383	-142.675781	435.351562
427282.507987	0.794046	8.734501	0.284456
427283.550519	0.510460	-286.523437	2.929687
427283.552518	0.764988	-286.523437	2.929687
427283.554519	0.796673	-286.523437	2.929687
427283.558516	0.792813	8.720942	0.250401
427284.598526	0.426502	-129.296875	464.843750
427284.600528	0.714679	-129.296875	464.843750
427284.602530	0.796993	-129.296875	464.843750
427284.604534	0.794357	8.737931	0.273236
427285.648547	0.642166	-284.570312	4.492187
427285.650547	0.796488	-284.570312	4.492187
427285.652548	0.795332	8.748654	0.242346
427286.696571	0.560003	-134.277344	451.660156
427286.698573	0.783458	-134.277344	451.660156
427286.700574	0.795738	-134.277344	451.660156
427286.704572	0.792237	8.714605	0.353115
427287.744604	0.478494	-285.351562	5.859375
427287.746607	0.748406	-285.351562	5.859375
427287.748612	0.796730	-285.351562	5.859375
427287.750613	0.794295	8.737248	0.234063
427288.792666	0.402417	-121.386719	482.421875
427288.794668	0.696986	-121.386719	482.421875
427288.796668	0.800319	-121.386719	482.421875
427288.798667	0.797629	8.773921	0.228409
427289.842723	0.624907	-296.679687	4.492187
427289.844726	0.794955	-296.679687	4.492187
427289.846726	0.794886	8.743745	0.231385
427290.890730	0.540205	-127.636719	467.578125
427290.892733	0.777231	-127.636719	467.578125
427290.894734	0.796313	-127.636719	467.578125
427290.896735	0.794187	8.736053	0.224467
427291.905270	0.346639	-305.957031	2.734375
427291.907272	0.648411	-305.957031	2.734375
427291.909270	0.796939	-305.957031	2.734375
427291.911272	0.795488	8.750364	0.353257
427292.991308	0.796827	-122.851562	478.125000
427292.993310	0.794220	8.736424	0.206830
427294.003853	0.562541	-305.468750	3.027344
427294.005857	0.783912	-305.468750	3.027344
427294.007859	0.795323	-305.468750	3.027344
427294.009858	0.793210	8.725311	0.447815
427295.051902	0.485666	-147.265625	423.144531
427295.053902	0.752233	-147.265625	423.144531
427295.055904	0.796361	-147.265625	423.144531
427295.057903	0.793849	8.732339	0.322460
427296.100875	0.544498	-297.753906	3.808594
427296.102878	0.553606	-297.753906	3.808594
427296.104879	0.795964	-297.753906	3.808594
427296.106878	0.793917	8.733092	0.337953
427297.148916	0.463304	-144.726562	429.492187
427297.150918	0.739343	-144.726562	429.492187
427297.152916	0.796582	-144.726562	429.492187
427297.154919	0.794002	8.734022	0.316242
427298.197857	0.518678	-296.972656	3.613281
427298.199859	0.768373	-296.972656	3.613281
427298.201859	0.796083	-296.972656	3.613281
427298.203858	0.793838	8.732215	0.288168
427299.247903	0.722112	-142.382812	432.031250
427299.249907	0.796635	-142.382812	432.031250
427299.251913	0.793961	8.733571	0.289853
427300.293941	0.355664	-292.089844	2.832031
427300.295943	0.656708	-292.089844	2.832031
427300.297943	0.797511	-292.089844	2.832031
427300.299943	0.795626	8.751881	0.266094
427301.344021	0.581984	-140.625000	440.234375
427301.346022	0.788874	-140.625000	440.234375
427301.348023	0.795381	-140.625000	440.234375
427301.350022	0.793312	8.726437	0.463596
427302.394053	0.761104	-283.496094	3.320312
427302.400054	0.792835	-283.496094	3.320312
427302.402056	0.791681	8.708490	0.247008
427303.440060	0.416134	-130.859375	464.160156
427303.444059	0.799742	-130.859375	464.160156
427303.446062	0.796925	-130.859375	464.160156
427303.448061	0.795277	8.748043	0.256735
427304.488113	0.335656	-278.906250	2.636719
427304.490116	0.638345	-278.906250	2.636719
427304.492115	0.796108	-278.906250	2.636719
427304.494114	0.795105	8.746156	0.230745
427305.540146	0.782129	-127.343750	473.632812
427305.542147	0.795929	-127.343750	473.632812
427305.544147	0.793864	8.732508	0.327644
427306.554209	0.595005	-293.847656	-2.832031
427306.558209	0.795516	-293.847656	-2.832031
427306.560210	0.793510	-293.847656	-2.832031
427306.564210	0.790970	8.700665	0.361919
427307.634234	0.397374	-132.128906	461.914062
427307.636239	0.692669	-132.128906	461.914062
427307.638237	0.798756	-132.128906	461.914062
427307.640237	0.796045	8.756497	0.232366
427308.652276	0.719246	-298.828125	-5.761719
427308.654276	0.796836	-298.828125	-5.761719
427308.656279	0.794162	8.735786	0.343895
427309.730823	0.309928	-128.027344	472.656250
427309.732830	0.614008	-128.027344	472.656250
427309.734831	0.794720	-128.027344	472.656250
427309.736832	0.795722	8.752944	0.218903
427310.746858	0.344776	-292.773437	-5.175781
427310.748859	0.646827	-292.773437	-5.175781
427310.750859	0.797582	-292.773437	-5.175781
427310.752859	0.796088	8.756968	0.327195
427311.796889	0.566058	-157.031250	401.367187
427311.798890	0.785012	-157.031250	401.367187
427311.800892	0.795550	-157.031250	401.367187
427311.802889	0.793566	8.729229	0.468472
427312.844907	0.482173	-293.554687	-5.761719
427312.846909	0.750271	-293.554687	-5.761719
427312.848911	0.796272	-293.554687	-5.761719
427312.850910	0.793917	8.733092	0.311791
427313.893456	0.478697	-140.136719	439.648437
427313.895459	0.748345	-140.136719	439.648437
427313.897459	0.796410	-140.136719	439.648437
427313.899458	0.793934	8.733270	0.304656
427314.943486	0.689962	-282.031250	-3.808594
427314.945487	0.797362	-282.031250	-3.808594
427314.947486	0.794751	8.742265	0.300735
427315.995546	0.795221	-135.546875	452.636719
427315.997546	0.793305	8.726357	0.645421
427317.039583	0.538438	-278.613281	-4.394531
427317.041583	0.776287	-278.613281	-4.394531
427317.043583	0.795833	-278.613281	-4.394531
427317.045584	0.793577	8.729352	0.280847
427318.087613	0.456360	-135.156250	451.953125
427318.089616	0.734875	-135.156250	451.953125
427318.091615	0.796426	-135.156250	451.953125
427318.093615	0.793903	8.732933	0.269207
427319.137710	0.681090	-279.394531	-3.906250
427319.139711	0.796902	-279.394531	-3.906250
427319.141711	0.794485	8.739340	0.256121
427320.185757	0.603421	-139.355469	444.042969
427320.189755	0.796077	-139.355469	444.042969
427320.191761	0.794128	-139.355469	444.042969
427320.193762	0.792751	8.720260	0.261312
427321.232310	0.295525	-276.562500	-3.808594
427321.234311	0.600284	-276.562500	-3.808594
427321.236311	0.792402	-276.562500	-3.808594
427321.238310	0.795378	-276.562500	-3.808594
427321.240310	0.793415	8.727563	0.254065
427322.286319	0.796013	-130.175781	467.773437
427322.288323	0.793739	8.731125	0.239821
427323.330392	0.439778	-282.421875	-4.687500
427323.332393	0.724029	-282.421875	-4.687500
427323.334394	0.796878	-282.421875	-4.687500
427323.336393	0.794173	8.735902	0.226815
427324.381332	0.756667	-132.226562	462.011719
427324.383333	0.796268	-132.226562	462.011719
427324.387335	0.792420	8.716617	0.233200
427325.395431	1.656634	-292.480469	-6.152344
427325.397432	0.776012	-292.480469	-6.152344
427325.399432	0.796266	-292.480469	-6.152344
427325.401432	0.794108	8.735192	0.348006
427326.475504	0.345932	-131.933594	464.843750
427326.477507	0.647826	-131.933594	464.843750
427326.479505	0.796306	-131.933594	464.843750
427326.481505	0.794825	8.743072	0.226070
427327.491553	0.383943	-294.238281	-5.273437
427327.493555	0.681370	-294.238281	-5.273437
427327.495558	0.797648	-294.238281	-5.273437
427327.497556	0.795170	8.746874	0.334646
427328.543651	0.618263	-156.738281	402.148437
427328.545654	0.795080	-156.738281	402.148437
427328.547653	0.793109	8.724203	0.353154
427329.589729	0.537592	-294.042969	-3.515625
427329.591731	0.775829	-294.042969	-3.515625
427329.593731	0.795738	-294.042969	-3.515625
427329.595731	0.795630	8.751925	0.316947
427330.639791	0.738085	-144.726562	429.394531
427330.641795	0.796625	-144.726562	429.394531
427330.643793	0.794095	8.735043	0.332324
427331.685838	0.380600	-299.511719	-2.832031
427331.687838	0.678639	-299.511719	-2.832031
427331.689839	0.797983	-299.511719	-2.832031
427331.691837	0.795520	8.750719	0.293937
427332.733843	0.291596	-140.917969	441.210937
427332.735844	0.596494	-140.917969	441.210937
427332.737845	0.791418	-140.917969	441.210937
427332.739845	0.795042	-140.917969	441.210937
427332.741845	0.793030	8.723326	0.310618
427333.785861	0.765678	-285.937500	1.855469
427333.787865	0.796260	-285.937500	1.855469
427333.789866	0.794054	8.734590	0.265803
427334.831926	0.434216	-144.042969	430.273437
427334.833927	0.720057	-144.042969	430.273437
427334.835928	0.796438	-144.042969	430.273437
427334.837927	0.793816	8.731976	0.281739
427335.879974	0.352986	-286.914062	3.320312
427335.881974	0.654309	-286.914062	3.320312
427335.883979	0.797482	-286.914062	3.320312
427335.885982	0.795737	8.753103	0.253462
427336.930084	0.583738	-127.441406	468.359375
427336.932086	0.591657	-127.441406	468.359375
427336.934087	0.795319	-127.441406	468.359375
427336.936086	0.793366	8.727021	0.264913
427337.980136	0.762957	-285.546875	5.175781
427337.982137	0.796271	-285.546875	5.175781
427337.984139	0.793979	8.733766	0.236630
427339.028175	0.714688	-129.882812	463.867187
427339.030177	0.797145	-129.882812	463.867187
427339.032177	0.794515	8.739668	0.238492
427340.074214	0.343303	-290.039062	5.371094
427340.076217	0.645479	-290.039062	5.371094
427340.078215	0.796974	-290.039062	5.371094
427340.080215	0.795585	8.751437	0.235020
427341.124261	0.566368	-132.421875	456.250000
427341.126262	0.784953	-132.421875	456.250000
427341.128262	0.795361	-132.421875	456.250000
427341.130263	0.793180	8.724983	0.238856
427342.139268	0.444648	-313.085937	2.148437
427342.141270	0.727171	-313.085937	2.148437
427342.143270	0.796495	-313.085937	2.148437
427342.145271	0.793882	8.732702	0.370676
427343.219822	0.324578	-116.113281	493.359375
427343.221824	0.627949	-116.113281	493.359375
427343.223823	0.795329	-116.113281	493.359375
427343.225827	0.795018	8.745198	0.222130
427344.235895	0.366732	-306.054687	3.320312
427344.237895	0.666658	-306.054687	3.320312
427344.239895	0.798414	-306.054687	3.320312
427344.241894	0.796148	8.757623	0.350280
427345.285979	0.592713	-149.316406	418.750000
427345.289978	0.795407	-149.316406	418.750000
427345.291981	0.793395	-149.316406	418.750000
427345.293981	0.791961	8.711575	0.578005
427346.333986	0.509124	-304.980469	2.929687
427346.335988	0.764154	-304.980469	2.929687
427346.337987	0.796318	-304.980469	2.929687
427346.339988	0.793988	8.733863	0.330238
427347.384051	0.529948	-144.726562	427.441406
427347.386053	0.797035	-144.726562	427.441406
427347.388053	0.794439	8.738826	0.325657
427348.430605	0.429914	-302.148437	3.027344
427348.432613	0.445908	-302.148437	3.027344
427348.434616	0.796603	-302.148437	3.027344
427348.436616	0.793864	8.732508	0.307196
427349.478657	0.348915	-137.500000	445.800781
427349.480658	0.650569	-137.500000	445.800781
427349.482658	0.797213	-137.500000	445.800781
427349.484658	0.795596	8.751561	0.307063
427350.528707	0.571916	-290.527344	4.296875
427350.530710	0.786344	-290.527344	4.296875
427350.532710	0.795260	-290.527344	4.296875
427350.534710	0.793176	8.724939	0.423264
427351.578704	0.751281	-131.542969	458.300781
427351.580709	0.796197	-131.542969	458.300781
427351.582709	0.793838	8.732215	0.283763
427352.624724	0.401740	-292.089844	3.222656
427352.626727	0.696166	-292.089844	3.222656
427352.628726	0.799178	-292.089844	3.222656
427352.630727	0.796442	8.760867	0.258766
427353.672763	0.317686	-134.179687	453.808594
427353.674764	0.621290	-134.179687	453.808594
427353.676763	0.795024	-134.179687	453.808594
427353.680759	0.793546	8.729007	0.279708
427354.722817	0.543984	-282.324219	2.929687
427354.724818	0.778324	-282.324219	2.929687
427354.726820	0.795940	-282.324219	2.929687
427354.730820	0.792271	8.714987	0.243991
427355.770877	0.464697	-140.234375	441.601562
427355.772878	0.739829	-140.234375	441.601562
427355.774878	0.795981	-140.234375	441.601562
427355.776878	0.793354	8.726897	0.261406
427356.819825	0.521611	-279.785156	2.148437
427356.821825	0.769532	-279.785156	2.148437
427356.823825	0.795911	-279.785156	2.148437
427356.825828	0.793727	8.731001	0.221631
427357.869879	0.726931	-136.425781	448.730469
427357.871881	0.797206	-136.425781	448.730469
427357.875879	0.792902	8.721926	0.248693
427358.884377	0.545389	-301.855469	-4.882812
427358.886379	0.778694	-301.855469	-4.882812
427358.888379	0.795788	-301.855469	-4.882812
427358.892379	0.792156	8.713719	0.390084
427359.968928	0.797437	-136.230469	452.246094
427359.970929	0.794732	8.742052	0.228114
427360.979849	1.900334	-298.632812	-6.054687
427360.981849	0.591246	-298.632812	-6.054687
427360.983849	0.790586	-298.632812	-6.054687
427360.985848	0.795155	-298.632812	-6.054687
427360.987848	0.795057	8.745632	0.349499
427362.061876	0.394472	-130.566406	466.992187
427362.063878	0.690262	-130.566406	466.992187
427362.065878	0.694951	-130.566406	466.992187
427362.067877	0.795327	8.748601	0.213818
427363.077949	0.433319	-289.160156	-4.980469
427363.079951	0.719517	-289.160156	-4.980469
427363.081950	0.796865	-289.160156	-4.980469
427363.083950	0.794232	8.736548	0.326844
427364.125969	0.349548	-153.320312	409.179687
427364.127970	0.651102	-153.320312	409.179687
427364.129970	0.796767	-153.320312	409.179687
427364.131969	0.795118	8.746297	0.332229
427365.174534	0.348231	-293.554687	-5.859375
427365.176536	0.649855	-293.554687	-5.859375
427365.178537	0.796939	-293.554687	-5.859375
427365.182535	0.793410	8.727509	0.346516
427366.224628	0.576552	-147.363281	423.242187
427366.226627	0.787439	-147.363281	423.242187
427366.228628	0.795117	-147.363281	423.242187
427366.230629	0.793175	8.724921	0.479480
427367.273171	0.572761	-290.234375	-6.250000
427367.275174	0.786623	-290.234375	-6.250000
427367.277174	0.795302	-290.234375	-6.250000
427367.279173	0.793267	8.725941	0.443285
427368.322114	0.628618	-148.925781	419.042969
427368.324115	0.795787	-148.925781	419.042969
427368.326118	0.795387	8.749257	0.285285
427369.370119	0.542888	-286.523437	-4.882812
427369.374121	0.795582	-286.523437	-4.882812
427369.376121	0.793505	-286.523437	-4.882812
427369.378122	0.792044	8.712479	0.303710
427370.418638	0.532166	-135.742187	451.953125
427370.420638	0.773910	-135.742187	451.953125
427370.422638	0.795933	-135.742187	451.953125
427370.424642	0.793792	8.731709	0.267757
427371.466670	0.452478	-277.539062	-2.539062
427371.468670	0.732752	-277.539062	-2.539062
427371.470672	0.797421	-277.539062	-2.539062
427371.472671	0.794843	8.743275	0.248958
427372.514748	0.376405	-132.031250	460.937500
427372.516751	0.675058	-132.031250	460.937500
427372.518750	0.798057	-132.031250	460.937500
427372.520749	0.795684	8.752527	0.256769
427373.568807	0.795787	-284.863281	-3.710937
427373.570809	0.793810	-284.863281	-3.710937
427373.572808	0.792454	8.716990	0.237462
427374.612820	0.516839	-136.718750	449.902344
427374.614822	0.767473	-136.718750	449.902344
427374.616821	0.795939	-136.718750	449.902344
427374.618824	0.793697	8.730663	0.247814
427375.627357	0.321722	-297.070312	-4.980469
427375.629361	0.625087	-297.070312	-4.980469
427375.631364	0.795515	-297.070312	-4.980469
427375.633360	0.795538	8.750915	0.362339
427376.711434	0.721619	-137.109375	448.730469
427376.713437	0.796785	-137.109375	448.730469
427376.715438	0.794197	8.736167	0.234408
427377.726352	0.603576	-297.460937	-3.906250
427377.728356	0.793026	-297.460937	-3.906250
427377.730353	0.795539	-297.460937	-3.906250
427377.732354	0.793562	8.729184	0.347061
427378.806905	0.484542	-132.421875	461.425781
427378.808906	0.751575	-132.421875	461.425781
427378.810907	0.796447	-132.421875	461.425781
427378.814904	0.792386	8.716246	0.229827
427379.823441	0.593932	-296.484375	-2.539062
427379.825444	0.790834	-296.484375	-2.539062
427379.827443	0.794877	-296.484375	-2.539062
427379.829445	0.792921	8.722130	0.328353
427380.903950	0.468360	-131.835937	460.253906
427380.905952	0.742360	-131.835937	460.253906
427380.907952	0.796457	-131.835937	460.253906
427380.909952	0.794000	8.733996	0.208549
427381.919963	0.499965	-293.066406	-0.195312
427381.921965	0.759640	-293.066406	-0.195312
427381.923963	0.796249	-293.066406	-0.195312
427381.925964	0.793835	8.732180	0.302018
427382.970023	0.711688	-149.414062	418.554687
427382.972026	0.797740	-149.414062	418.554687
427382.974025	0.794965	8.744614	0.331656
427384.016583	0.419696	-293.261719	1.074219
427384.018585	0.709717	-293.261719	1.074219
427384.020583	0.797366	-293.261719	1.074219
427384.022583	0.794583	8.740413	0.286202
427385.066625	0.639890	-134.667969	451.562500
427385.068628	0.795854	-134.667969	451.562500
427385.070627	0.794812	8.742929	0.320913
427386.114750	0.569391	-294.042969	2.929687
427386.116750	0.785817	-294.042969	2.929687
427386.120749	0.793378	-294.042969	2.929687
427386.122751	0.791927	8.711202	0.409331
427387.161342	0.264119	-136.132812	449.707031
427387.163344	0.570487	-136.132812	449.707031
427387.165344	0.786136	-136.132812	449.707031
427387.167345	0.795480	-136.132812	449.707031
427387.169344	0.793379	8.727173	0.289789
427388.213435	0.759645	-290.136719	4.882812
427388.215436	0.796511	-290.136719	4.882812
427388.217440	0.794089	8.734980	0.247099
427389.259468	0.417835	-137.304687	447.363281
427389.261472	0.708374	-137.304687	447.363281
427389.263469	0.797241	-137.304687	447.363281
427389.265471	0.794616	8.740776	0.261831
427390.308419	0.474639	-285.644531	7.226562
427390.310420	0.746001	-285.644531	7.226562
427390.312420	0.796461	-285.644531	7.226562
427390.314420	0.794008	8.734085	0.231820
427391.358490	0.693090	-133.007812	454.687500
427391.360493	0.796690	-133.007812	454.687500
427391.362491	0.794120	8.735317	0.246702
427392.373078	0.515893	-308.984375	3.417969
427392.375081	0.767089	-308.984375	3.417969
427392.377079	0.795944	-308.984375	3.417969
427392.379079	0.793652	8.730177	0.369081
427393.455132	0.622591	-120.410156	483.984375
427393.457135	0.795120	-120.410156	483.984375
427393.459134	0.795348	8.748822	0.229952
427394.469160	0.354120	-305.664062	3.613281
427394.471160	0.655402	-305.664062	3.613281
427394.473161	0.797653	-305.664062	3.613281
427394.475161	0.795787	8.753653	0.354894
427395.551199	0.461165	-126.757812	468.945312
427395.553201	0.738137	-126.757812	468.945312
427395.555200	0.797005	-126.757812	468.945312
427395.557200	0.794382	8.738206	0.213347
427396.566117	0.324374	-308.691406	3.222656
427396.568118	0.627544	-308.691406	3.222656
427396.570119	0.796096	-308.691406	3.222656
427396.572118	0.795909	8.755000	0.337913
427397.650654	0.762186	-114.843750	497.558594
427397.652660	0.796336	-114.843750	497.558594
427397.654663	0.794075	8.734829	0.201017
427398.664709	0.542508	-299.707031	3.808594
427398.668719	0.795887	-299.707031	3.808594
427398.670721	0.793700	-299.707031	3.808594
427398.672722	0.792105	8.713152	0.339280
427399.712775	0.466026	-138.769531	441.406250
427399.714774	0.740929	-138.769531	441.406250
427399.716775	0.796359	-138.769531	441.406250
427399.722775	0.790835	8.699185	0.322264
427400.762859	0.687912	-300.097656	2.246094
427400.764862	0.797820	-300.097656	2.246094
427400.766862	0.795222	8.747440	0.295591
427401.809418	0.389617	-141.210937	437.597656
427401.811421	0.686120	-141.210937	437.597656
427401.813420	0.797834	-141.210937	437.597656
427401.815419	0.795348	8.748822	0.311764
427402.859511	0.616915	-287.207031	3.906250
427402.861510	0.794260	-287.207031	3.906250
427402.863509	0.794962	8.744587	0.276072
427403.907560	0.539257	-140.136719	438.671875
427403.909560	0.776653	-140.136719	438.671875
427403.911562	0.796032	-140.136719	438.671875
427403.913563	0.793859	8.732445	0.297089
427404.956139	0.537696	-285.742187	2.734375
427404.958140	0.775771	-285.742187	2.734375
427404.960141	0.795524	-285.742187	2.734375
427404.962142	0.793283	8.726117	0.252070
427406.004208	0.463843	-134.472656	455.761719
427406.006209	0.739554	-134.472656	455.761719
427406.008210	0.796268	-134.472656	455.761719
427406.010210	0.793724	8.730966	0.275953
427407.052208	0.375434	-280.761719	2.050781
427407.054207	0.674089	-280.761719	2.050781
427407.056208	0.797869	-280.761719	2.050781
427407.058207	0.795476	8.750232	0.237266
427408.102253	0.595374	-128.808594	468.847656
427408.104256	0.791411	-128.808594	468.847656
427408.106257	0.795233	-128.808594	468.847656
427408.108255	0.793333	8.726666	0.521226
427409.150315	0.519661	-276.367187	1.855469
427409.152316	0.768692	-276.367187	1.855469
427409.154318	0.795990	-276.367187	1.855469
427409.156318	0.793768	8.731453	0.218394
427410.200364	0.723410	-127.636719	471.484375
427410.202367	0.796532	-127.636719	471.484375
427410.204366	0.793971	8.733677	0.242408
427411.218423	0.796965	-296.582031	-3.320312
427411.220424	0.794504	-296.582031	-3.320312
427411.222425	0.792886	8.721748	0.353965
427412.296500	0.589222	-132.128906	460.351562
427412.298501	0.790361	-132.128906	460.351562
427412.300500	0.795431	-132.128906	460.351562
427412.304500	0.791886	8.710751	0.228037
427413.311063	0.401443	-290.722656	-3.125000
427413.313065	0.695901	-290.722656	-3.125000
427413.315074	0.798749	-290.722656	-3.125000
427413.317080	0.796143	8.757569	0.334563
427414.395143	0.766244	-127.636719	468.847656
427414.397144	0.796431	-127.636719	468.847656
427414.399145	0.794162	8.735786	0.207936
427415.407682	0.316975	-285.253906	-2.441406
427415.409686	0.620570	-285.253906	-2.441406
427415.411685	0.795371	-285.253906	-2.441406
427415.413684	0.795849	8.754344	0.328262
427416.457716	0.540037	-142.578125	430.859375
427416.459717	0.548863	-142.578125	430.859375
427416.461718	0.796298	-142.578125	430.859375
427416.463718	0.794137	8.735503	0.344341
427417.505779	0.463120	-289.550781	-3.222656
427417.507779	0.739252	-289.550781	-3.222656
427417.509779	0.796657	-289.550781	-3.222656
427417.511781	0.794105	8.735157	0.296377
427418.553857	0.387369	-141.113281	436.621094
427418.555858	0.684283	-141.113281	436.621094
427418.557857	0.798140	-141.113281	436.621094
427418.559858	0.795517	8.750684	0.308951
427419.601919	0.305115	-280.957031	-1.953125
427419.603925	0.609274	-280.957031	-1.953125
427419.605930	0.794446	-280.957031	-1.953125
427419.611929	0.792868	-280.957031	-1.953125
427419.613928	0.791801	8.709810	0.293310
427420.653998	0.775266	-145.703125	424.121094
427420.656000	0.796061	-145.703125	424.121094
427420.657999	0.793957	8.733526	0.287093
427421.700958	0.593435	-282.324219	-2.246094
427421.702961	0.791568	-282.324219	-2.246094
427421.704961	0.795816	-282.324219	-2.246094
427421.706960	0.793795	8.731745	0.512960
427422.748994	0.512872	-134.375000	452.539062
427422.750995	0.522716	-134.375000	452.539062
427422.752996	0.795517	-134.375000	452.539062
427422.754996	0.793300	8.726295	0.272722
427423.797030	0.432294	-287.597656	-2.734375
427423.801031	0.796800	-287.597656	-2.734375
427423.803031	0.794122	-287.597656	-2.734375
427423.805032	0.792378	8.716156	0.243982
427424.845994	0.490038	-135.839844	450.683594
427424.847997	0.754474	-135.839844	450.683594
427424.849995	0.796181	-135.839844	450.683594
427424.851996	0.793759	8.731346	0.259765
427425.896016	0.699586	-276.171875	1.269531
427425.898017	0.797148	-276.171875	1.269531
427425.900018	0.794531	8.739837	0.229440
427426.946095	0.796256	-128.320312	469.238281
427426.948097	0.795625	8.751871	0.680624
427427.958091	0.359664	-295.703125	-3.417969
427427.960093	0.660350	-295.703125	-3.417969
427427.962093	0.798001	-295.703125	-3.417969
427427.964093	0.795943	8.755372	0.359805
427429.042121	0.740264	-125.683594	475.976562
427429.046121	0.794237	-125.683594	475.976562
427429.048125	0.792640	8.719036	0.233148
427430.056154	0.497039	-293.652344	-1.464844
427430.058156	0.758268	-293.652344	-1.464844
427430.060160	0.796473	-293.652344	-1.464844
427430.062158	0.794212	8.736327	0.346113
427431.136198	0.298927	-130.273437	463.964844
427431.138197	0.603519	-130.273437	463.964844
427431.140203	0.793419	-130.273437	463.964844
427431.142202	0.795911	-130.273437	463.964844
427431.144204	0.795815	8.753963	0.221511
427432.154790	0.710559	-292.285156	0.195312
427432.156791	0.798181	-292.285156	0.195312
427432.158790	0.798094	8.779035	0.321330
427433.202829	0.640073	-138.574219	442.968750
427433.204831	0.795998	-138.574219	442.968750
427433.206830	0.794918	8.744100	0.343522
427434.250863	0.557947	-290.722656	1.757812
427434.254863	0.795700	-290.722656	1.757812
427434.256865	0.793682	-290.722656	1.757812
427434.258864	0.792233	8.714561	0.303895
427435.300905	0.748509	-145.996094	426.562500
427435.302912	0.796922	-145.996094	426.562500
427435.304918	0.794556	8.740111	0.317363
427436.347471	0.478001	-292.187500	3.027344
427436.349472	0.747983	-292.187500	3.027344
427436.351474	0.796436	-292.187500	3.027344
427436.353474	0.793926	8.733181	0.284960
427437.395518	0.397162	-130.664062	461.230469
427437.397519	0.692309	-130.664062	461.230469
427437.401517	0.795278	-130.664062	461.230469
427437.403524	0.793616	8.729778	0.299675
427438.443503	0.305204	-290.527344	4.589844
427438.445521	0.609362	-290.527344	4.589844
427438.447524	0.794581	-290.527344	4.589844
427438.449525	0.795286	-290.527344	4.589844
427438.451525	0.794052	8.734572	0.269542
427439.493589	0.536639	-140.234375	439.843750
427439.495592	0.775685	-140.234375	439.843750
427439.497592	0.795968	-140.234375	439.843750
427439.499593	0.793751	8.731257	0.270707
427440.540529	0.286136	-289.257812	5.761719
427440.542533	0.591419	-289.257812	5.761719
427440.544538	0.790632	-289.257812	5.761719
427440.546539	0.795271	-289.257812	5.761719
427440.548542	0.793370	8.727066	0.253216
427441.590580	0.512725	-133.300781	455.957031
427441.592582	0.765701	-133.300781	455.957031
427441.594583	0.796069	-133.300781	455.957031
427441.596582	0.793752	8.731267	0.259481
427442.643125	0.796182	-285.937500	7.421875
427442.645127	0.793855	-285.937500	7.421875
427442.647126	0.792268	8.714943	0.236525
427443.689164	0.714127	-132.910156	454.199219
427443.693164	0.794269	-132.910156	454.199219
427443.697167	0.791293	8.704227	0.240492
427444.736078	0.478105	-285.644531	7.812500
427444.738081	0.747954	-285.644531	7.812500
427444.740081	0.796283	-285.644531	7.812500
427444.742082	0.793828	8.732109	0.231291
427445.786127	0.693226	-121.679687	481.640625
427445.788128	0.797496	-121.679687	481.640625
427445.790128	0.794883	8.743718	0.233970
427446.800196	0.439155	-306.835937	2.539062
427446.802199	0.723617	-306.835937	2.539062
427446.804199	0.797041	-306.835937	2.539062
427446.806204	0.794353	8.737878	0.351806
427447.882263	0.545634	-127.929687	466.894531
427447.884266	0.778966	-127.929687	466.894531
427447.886267	0.795970	-127.929687	466.894531
427447.888265	0.793868	8.732552	0.253116
427448.896295	0.274555	-307.910156	2.343750
427448.898295	0.580232	-307.910156	2.343750
427448.900298	0.788349	-307.910156	2.343750
427448.902296	0.795302	-307.910156	2.343750
427448.906295	0.791886	8.710751	0.341109
427449.978823	0.455656	-128.515625	466.308594
427449.980824	0.734319	-128.515625	466.308594
427449.982825	0.796169	-128.515625	466.308594
427449.986824	0.793537	8.728909	0.203250
427450.994828	0.485322	-302.832031	1.757812
427450.998827	0.795785	-302.832031	1.757812
427451.000831	0.793389	-302.832031	1.757812
427451.002829	0.791708	8.708782	0.311691
427452.045388	0.750759	-143.261719	432.910156
427452.049388	0.793706	-143.261719	432.910156
427452.051390	0.792032	8.712355	0.328232
427453.097468	0.795317	-299.316406	1.367187
427453.099468	0.793623	-299.316406	1.367187
427453.101470	0.792380	8.716183	0.292136
427454.140027	0.404045	-134.667969	451.269531
427454.142029	0.697864	-134.667969	451.269531
427454.144026	0.798620	-134.667969	451.269531
427454.146027	0.795877	8.754645	0.319186
427455.192048	0.795345	-286.523437	3.027344
427455.194052	0.795442	8.749860	0.271146
427456.238157	0.552607	-136.035156	450.585937
427456.240161	0.781045	-136.035156	450.585937
427456.242161	0.795613	-136.035156	450.585937
427456.244164	0.793519	8.728714	0.353208
427457.286202	2.012604	-285.253906	1.269531
427457.288203	0.745952	-285.253906	1.269531
427457.290204	0.796787	-285.253906	1.269531
427457.292202	0.794251	8.736761	0.245591
427458.334281	0.398657	-134.472656	451.464844
427458.336283	0.693848	-134.472656	451.464844
427458.338283	0.799551	-134.472656	451.464844
427458.340283	0.796860	8.765457	0.270903
427459.384385	0.629099	-287.988281	-0.292969
427459.386387	0.796710	-287.988281	-0.292969
427459.388386	0.796355	8.759900	0.232686
427460.431336	0.384531	-132.128906	458.496094
427460.433339	0.396934	-132.128906	458.496094
427460.435339	0.798088	-132.128906	458.496094
427460.437338	0.795530	8.750834	0.253152
427461.479372	0.296004	-275.781250	1.269531
427461.481374	0.600671	-275.781250	1.269531
427461.483374	0.792857	-275.781250	1.269531
427461.485375	0.795921	-275.781250	1.269531
427461.487374	0.793948	8.733429	0.232558
427462.529424	0.524310	-129.101562	468.652344
427462.531425	0.771026	-129.101562	468.652344
427462.533428	0.796504	-129.101562	468.652344
427462.537430	0.792790	8.720685	0.238452
427463.545460	1.484972	-296.679687	-4.687500
427463.547462	0.782900	-296.679687	-4.687500
427463.549464	0.795984	-296.679687	-4.687500
427463.551464	0.793890	8.732791	0.436412
427464.625501	0.362045	-132.812500	457.128906
427464.627500	0.662439	-132.812500	457.128906
427464.629502	0.797732	-132.812500	457.128906
427464.631500	0.795601	8.751615	0.231241
427465.644035	0.744352	-290.722656	-2.734375
427465.646037	0.796504	-290.722656	-2.734375
427465.648036	0.794040	8.734440	0.350688
427466.690068	0.391035	-147.753906	418.945312
427466.692070	0.687745	-147.753906	418.945312
427466.694070	0.800592	-147.753906	418.945312
427466.696071	0.797977	8.777749	0.341193
427467.738128	0.310716	-288.671875	-3.906250
427467.740130	0.614579	-288.671875	-3.906250
427467.742131	0.793785	-288.671875	-3.906250
427467.744131	0.794795	8.742743	0.319994
427468.788137	0.527185	-144.726562	428.222656
427468.790136	0.771848	-144.726562	428.222656
427468.792135	0.795863	-144.726562	428.222656
427468.794135	0.793657	8.730229	0.330809
427469.836204	0.451597	-293.945312	-4.394531
427469.838205	0.731810	-293.945312	-4.394531
427469.840207	0.796450	-293.945312	-4.394531
427469.842205	0.793795	8.731745	0.307092
427470.886724	0.727028	-145.019531	428.515625
427470.888728	0.796380	-145.019531	428.515625
427470.890727	0.793778	8.731560	0.301836
427471.933289	0.442749	-293.457031	-4.394531
427471.935291	0.725865	-293.457031	-4.394531
427471.937290	0.796585	-293.457031	-4.394531
427471.939290	0.793925	8.733172	0.287294
427472.981294	0.355311	-137.988281	445.507812
427472.983297	0.656329	-137.988281	445.507812
427472.985297	0.797346	-137.988281	445.507812
427472.987296	0.795505	8.750551	0.287648
427474.031356	0.579948	-291.308594	-4.101562
427474.033357	0.788197	-291.308594	-4.101562
427474.035357	0.795218	-291.308594	-4.101562
427474.037358	0.793209	8.725303	0.260521
427475.078290	1.452993	-135.644531	450.195312
427475.080291	0.633917	-135.644531	450.195312
427475.082291	0.797224	-135.644531	450.195312
427475.084291	0.796506	8.761566	0.271990
427476.126297	0.239993	-279.980469	0.292969
427476.128299	0.548195	-279.980469	0.292969
427476.130298	0.779486	-279.980469	0.292969
427476.132298	0.795502	-279.980469	0.292969
427476.134298	0.793440	8.727838	0.252960
427477.176353	0.470149	-131.250000	461.230469
427477.178354	0.743273	-131.250000	461.230469
427477.180356	0.796165	-131.250000	461.230469
427477.182355	0.793741	8.731152	0.258274
427478.224389	0.387679	-278.515625	1.855469
427478.226391	0.684630	-278.515625	1.855469
427478.228391	0.798323	-278.515625	1.855469
427478.230389	0.795753	8.753281	0.227460
427479.272426	0.305240	-131.152344	463.281250
427479.274444	0.609325	-131.152344	463.281250
427479.276445	0.794116	-131.152344	463.281250
427479.278446	0.795396	-131.152344	463.281250
427479.282443	0.791990	8.711884	0.251586
427480.288512	0.347626	-305.859375	-4.296875
427480.290513	0.649307	-305.859375	-4.296875
427480.292513	0.797129	-305.859375	-4.296875
427480.294513	0.795563	8.751189	0.363558
427481.372555	0.733927	-123.437500	481.054687
427481.374556	0.797067	-123.437500	481.054687
427481.376555	0.794507	8.739579	0.229173
427482.386651	0.497188	-297.167969	0.195312
427482.388653	0.758281	-297.167969	0.195312
427482.390655	0.796210	-297.167969	0.195312
427482.392652	0.793917	8.733092	0.339143
427483.466683	0.295999	-127.734375	468.457031
427483.468683	0.600743	-127.734375	468.457031
427483.470682	0.793108	-127.734375	468.457031
427483.472683	0.796130	-127.734375	468.457031
427483.474684	0.794295	8.737248	0.218835
427484.484778	0.643876	-293.945312	1.855469
427484.486778	0.796520	-293.945312	1.855469
427484.488780	0.795193	8.747121	0.776296
427485.534846	0.575392	-139.355469	441.894531
427485.536847	0.795667	-139.355469	441.894531
427485.538849	0.793702	8.730717	0.348557
427486.580875	0.487439	-302.734375	1.269531
427486.582878	0.753194	-302.734375	1.269531
427486.584878	0.796462	-302.734375	1.269531
427486.586878	0.794003	8.734032	0.302086
427487.629871	0.549025	-137.402344	444.824219
427487.631874	0.559552	-137.402344	444.824219
427487.633873	0.795631	-137.402344	444.824219
427487.635873	0.793454	8.727997	0.366037
427488.677912	0.468399	-295.800781	3.613281
427488.679915	0.742314	-295.800781	3.613281
427488.681915	0.796350	-295.800781	3.613281
427488.685912	0.792108	8.713187	0.282658
427489.725961	0.389724	-141.601562	434.960937
427489.727963	0.686199	-141.601562	434.960937
427489.729963	0.797986	-141.601562	434.960937
427489.731962	0.795351	8.748858	0.291601
427490.774911	0.446360	-295.410156	4.882812
427490.776915	0.728418	-295.410156	4.882812
427490.780915	0.793963	-295.410156	4.882812
427490.782916	0.792358	8.715935	0.262101
427491.824943	0.663759	-140.429687	438.574219
427491.826945	0.797398	-140.429687	438.574219
427491.828946	0.795273	8.748008	0.268537
427492.871908	0.423474	-292.675781	5.957031
427492.873910	0.712776	-292.675781	5.957031
427492.875910	0.798200	-292.675781	5.957031
427492.877910	0.795435	8.749789	0.245132
427493.923968	0.796674	-133.105469	454.687500
427493.925969	0.795342	-133.105469	454.687500
427493.927970	0.793538	8.728918	0.736840
427494.970554	0.647602	-289.257812	6.250000
427494.972555	0.796531	-289.257812	6.250000
427494.974557	0.795057	8.745624	0.235358
427496.018603	0.567092	-123.730469	476.171875
427496.020607	0.784972	-123.730469	476.171875
427496.022606	0.795128	-123.730469	476.171875
427496.024605	0.793158	8.724735	0.379848
427497.032674	0.303944	-311.621094	1.757812
427497.034701	0.608113	-311.621094	1.757812
427497.036709	0.794933	-311.621094	1.757812
427497.038707	0.796259	-311.621094	1.757812
427497.040706	0.794406	8.738462	0.368349
427498.114734	0.414654	-124.414062	474.707031
427498.116734	0.705903	-124.414062	474.707031
427498.118734	0.797130	-124.414062	474.707031
427498.120736	0.794494	8.739438	0.231364
427499.130771	0.449977	-304.101562	3.222656
427499.132773	0.461877	-304.101562	3.222656
427499.134773	0.796235	-304.101562	3.222656
427499.136773	0.793648	8.730132	0.347701
427500.212795	0.552198	-127.343750	466.796875
427500.214796	0.781054	-127.343750	466.796875
427500.216796	0.795878	-127.343750	466.796875
427500.218795	0.793766	8.731426	0.220755
427501.227380	0.366798	-300.878906	2.343750
427501.229383	0.377814	-300.878906	2.343750
427501.231383	0.797205	-300.878906	2.343750
427501.233382	0.795064	8.745703	0.333742
427502.309442	0.476183	-124.023437	477.148437
427502.311443	0.747032	-124.023437	477.148437
427502.313441	0.796705	-124.023437	477.148437
427502.315444	0.794264	8.736903	0.202196
427503.325519	0.515893	-298.437500	1.660156
427503.327522	0.766954	-298.437500	1.660156
427503.331520	0.793528	-298.437500	1.660156
427503.333523	0.791967	8.711637	0.303257
427504.375545	0.670274	-137.011719	447.558594
427504.377545	0.796922	-137.011719	447.558594
427504.379546	0.794254	8.736796	0.324360
427505.423588	0.653361	-299.609375	0.097656
427505.425592	0.797000	-299.609375	0.097656
427505.427595	0.795282	8.748105	0.286783
427506.470161	0.351495	-138.964844	442.675781
427506.472162	0.652776	-138.964844	442.675781
427506.474162	0.796261	-138.964844	442.675781
427506.476164	0.794630	8.740935	0.308222
427507.518229	0.270286	-285.644531	1.855469
427507.520231	0.576276	-285.644531	1.855469
427507.522233	0.787457	-285.644531	1.855469
427507.524239	0.795334	-285.644531	1.855469
427507.526238	0.793389	8.727279	0.282953
427508.568261	0.495251	-144.042969	432.617187
427508.570263	0.757178	-144.042969	432.617187
427508.574262	0.793645	-144.042969	432.617187
427508.576266	0.792085	8.712931	0.289463
427509.616844	0.494922	-284.179687	1.855469
427509.618845	0.756858	-284.179687	1.855469
427509.620845	0.795866	-284.179687	1.855469
427509.622846	0.793539	8.728927	0.247955
427510.664886	1.106086	-132.226562	459.863281
427510.666887	0.705968	-132.226562	459.863281
427510.672886	0.792992	-132.226562	459.863281
427510.674888	0.791674	8.708420	0.269569
427511.714916	0.635123	-287.109375	-0.488281
427511.716918	0.795368	-287.109375	-0.488281
427511.718918	0.794579	8.740368	0.237644
427512.763493	0.635505	-137.890625	446.093750
427512.765495	0.795928	-137.890625	446.093750
427512.767495	0.795090	8.745996	0.251501
427513.810085	0.335072	-280.175781	0.585937
427513.812088	0.637695	-280.175781	0.585937
427513.814089	0.796586	-280.175781	0.585937
427513.816088	0.795598	8.751579	0.228461
427514.860119	0.555065	-126.757812	470.410156
427514.862120	0.782075	-126.757812	470.410156
427514.864120	0.795936	-126.757812	470.410156
427514.866120	0.793820	8.732019	0.319381
427515.876168	0.590433	-294.433594	-3.808594
427515.878167	0.790663	-294.433594	-3.808594
427515.880167	0.795439	-294.433594	-3.808594
427515.882168	0.793398	8.727376	0.358770
427516.956202	0.394094	-131.152344	460.644531
427516.958204	0.690335	-131.152344	460.644531
427516.960205	0.801177	-131.152344	460.644531
427516.962206	0.801148	8.812632	0.220336
427517.974783	0.763123	-301.367187	-6.054687
427517.976785	0.795662	-301.367187	-6.054687
427517.978784	0.793322	8.726543	0.344253
427519.020815	0.429596	-153.906250	405.761719
427519.026818	0.793990	-153.906250	405.761719
427519.028818	0.792281	-153.906250	405.761719
427519.030818	0.791021	8.701232	0.344281
427520.069374	0.426343	-291.796875	-3.515625
427520.071375	0.714590	-291.796875	-3.515625
427520.073376	0.796874	-291.796875	-3.515625
427520.075377	0.794259	8.736850	0.319472
427521.117407	0.342239	-146.875000	423.437500
427521.119408	0.644228	-146.875000	423.437500
427521.121407	0.797158	-146.875000	423.437500
427521.123407	0.795819	8.754007	0.325047
427522.167435	0.561311	-295.312500	-3.320312
427522.169436	0.783625	-295.312500	-3.320312
427522.171439	0.795428	-295.312500	-3.320312
427522.173438	0.793304	8.726339	0.407644
427523.215993	0.561041	-138.769531	442.773437
427523.217995	0.783835	-138.769531	442.773437
427523.219996	0.795840	-138.769531	442.773437
427523.223995	0.792358	8.715935	0.318879
427524.264014	0.476369	-290.917969	-3.027344
427524.266017	0.746959	-290.917969	-3.027344
427524.268016	0.796299	-290.917969	-3.027344
427524.270016	0.796176	8.757934	0.285134
427525.312557	0.470899	-140.039062	440.332031
427525.314563	0.743727	-140.039062	440.332031
427525.316564	0.796329	-140.039062	440.332031
427525.318563	0.793874	8.732614	0.280489
427526.360598	0.391218	-283.593750	0.292969
427526.362600	0.687505	-283.593750	0.292969
427526.364601	0.798171	-283.593750	0.292969
427526.366599	0.795569	8.751260	0.255285
427527.408653	0.311091	-141.210937	437.695312
427527.410661	0.614886	-141.210937	437.695312
427527.412659	0.794863	-141.210937	437.695312
427527.414659	0.795888	8.754769	0.274629
427528.457214	0.307899	-282.324219	1.367187
427528.461224	0.794299	-282.324219	1.367187
427528.463227	0.795536	-282.324219	1.367187
427528.465226	0.793577	8.729343	0.252121
427529.507277	0.532896	-139.843750	440.136719
427529.509279	0.774055	-139.843750	440.136719
427529.511278	0.795787	-139.843750	440.136719
427529.513279	0.793610	8.729707	0.253193
427530.555298	0.452703	-283.300781	2.050781
427530.557301	0.732639	-283.300781	2.050781
427530.559301	0.796762	-283.300781	2.050781
427530.561301	0.794165	8.735813	0.227626
427531.603339	0.370755	-139.550781	441.796875
427531.605340	0.670071	-139.550781	441.796875
427531.607340	0.797849	-139.550781	441.796875
427531.609340	0.795594	8.751534	0.249438
427532.619307	0.395318	-304.687500	-1.171875
427532.621309	0.690825	-304.687500	-1.171875
427532.623309	0.798279	-304.687500	-1.171875
427532.625309	0.795621	8.751827	0.356854
427533.701362	0.501912	-133.203125	456.542969
427533.703363	0.760436	-133.203125	456.542969
427533.707361	0.793636	-133.203125	456.542969
427533.709368	0.792066	8.712727	0.220381
427534.716279	0.367188	-308.691406	-1.171875
427534.718280	0.666910	-308.691406	-1.171875
427534.720280	0.797192	-308.691406	-1.171875
427534.722280	0.795011	8.745118	0.338266
427535.800283	0.742963	-120.117187	488.378906
427535.802287	0.796847	-120.117187	488.378906
427535.804287	0.794372	8.738091	0.209118
