time (s)	energy (uJ)	charge (mC)	voltage (mV)	crossing#mod 255
427151.659356	24.118761	0.008741	2.759420	210
427152.741137	15.353505	0.008736	1.757555	211
427153.757120	22.634579	0.008728	2.593344	212
427154.839112	13.856465	0.008741	1.585156	213
427155.853541	21.724430	0.008716	2.492539	214
427156.906133	20.986698	0.008730	2.404036	215
427157.950069	20.690825	0.008712	2.375004	216
427159.001161	19.736902	0.008734	2.259844	217
427160.047770	20.408539	0.008744	2.333889	218
427161.096283	19.204226	0.008748	2.195282	219
427162.144562	18.666435	0.008753	2.132503	220
427163.194010	17.644365	0.008735	2.020032	221
427164.241921	17.876436	0.008741	2.045105	222
427165.290522	16.796448	0.008753	1.918869	223
427166.338781	16.774010	0.008734	1.920579	224
427167.388225	15.584638	0.008736	1.783967	225
427168.436497	15.473050	0.008744	1.769522	226
427169.484775	15.504026	0.008753	1.771322	227
427170.500994	23.493782	0.008714	2.696158	228
427171.549275	24.402277	0.008747	2.789843	229
427172.598027	21.904366	0.008719	2.512279	230
427173.646336	23.332634	0.008750	2.666446	231
427174.695860	20.404984	0.008724	2.338894	232
427175.743199	22.659977	0.008761	2.586492	233
427176.792613	18.418034	0.008735	2.108649	234
427177.840882	20.215420	0.008734	2.314503	235
427178.889163	17.371159	0.008756	1.983870	236
427179.961885	12.709700	0.008725	1.456620	237
427180.986783	16.436113	0.008720	1.884951	238
427182.036552	17.190279	0.008745	1.965814	239
427183.083874	15.911660	0.008730	1.822544	240
427184.133617	16.264561	0.008721	1.864987	241
427185.148726	25.019447	0.008723	2.868272	242
427186.231198	14.772840	0.008740	1.690297	243
427187.245500	24.157019	0.008715	2.771798	244
427188.327349	13.780162	0.008729	1.578711	245
427189.343899	22.956003	0.008739	2.626868	246
427190.391997	21.552938	0.008753	2.462257	247
427191.440057	22.064903	0.008697	2.536961	248
427192.488338	20.495514	0.008738	2.345682	249
427193.538057	20.169716	0.008745	2.306542	250
427194.585367	19.668520	0.008736	2.251447	251
427195.633619	18.767591	0.008752	2.144485	252
427196.683925	18.460873	0.008737	2.112921	253
427197.732135	16.775015	0.008769	1.913011	254
427198.754294	26.022440	0.008732	2.980083	255
427199.828444	16.065773	0.008737	1.838764	0
427200.876713	17.048811	0.008739	1.950927	1
427201.892646	24.880047	0.008733	2.848924	2
427202.973237	16.431976	0.008732	1.881729	3
427203.989733	23.687038	0.008733	2.712287	4
427205.073335	15.050088	0.008730	1.723930	5
427206.087472	22.446007	0.008728	2.571728	6
427207.168353	14.175556	0.008741	1.621742	7
427208.184301	21.102322	0.008743	2.413588	8
427209.232548	22.027914	0.008736	2.521523	9
427210.281126	20.131763	0.008732	2.305431	10
427211.329427	20.460253	0.008734	2.342609	11
427212.378875	19.515123	0.008718	2.238559	12
427213.426515	19.031811	0.008755	2.173776	13
427214.475947	18.216112	0.008732	2.086179	14
427215.524200	17.633787	0.008734	2.019075	15
427216.572491	17.393034	0.008775	1.982026	16
427217.620745	17.060207	0.008741	1.951818	17
427218.670170	16.252954	0.008731	1.861436	18
427219.718972	15.875414	0.008714	1.821876	19
427220.766343	15.686796	0.008719	1.799112	20
427221.817521	14.855051	0.008736	1.700448	21
427222.831714	23.182165	0.008728	2.655959	22
427223.880297	24.480244	0.008731	2.803847	23
427224.930088	21.399899	0.008741	2.448110	24
427225.976778	23.096445	0.008750	2.639449	25
427227.025037	20.887346	0.008728	2.393095	26
427228.074474	21.285051	0.008731	2.437759	27
427229.122705	18.387186	0.008743	2.102977	28
427230.174268	19.266201	0.008743	2.203701	29
427231.220385	17.401005	0.008728	1.993641	30
427232.268629	18.318016	0.008745	2.094603	31
427233.318323	15.729584	0.008741	1.799597	32
427234.367239	16.508682	0.008741	1.888564	33
427235.414219	14.975856	0.008735	1.714530	34
427236.462745	16.800442	0.008745	1.921183	35
427237.478667	24.359314	0.008736	2.788327	36
427238.561750	15.352118	0.008713	1.762077	37
427239.575222	24.351374	0.008732	2.788668	38
427240.656992	14.592230	0.008753	1.667075	39
427241.673260	22.371536	0.008732	2.562113	40
427242.721509	22.094704	0.008741	2.527648	41
427243.769747	22.129353	0.008718	2.538396	42
427244.819201	20.482304	0.008729	2.346593	43
427245.867670	19.403217	0.008735	2.221220	44
427246.915695	20.972548	0.008739	2.399881	45
427247.963971	18.913727	0.008789	2.151967	46
427249.014970	18.363764	0.008735	2.102350	47
427250.061661	18.941252	0.008730	2.169769	48
427251.111388	17.583014	0.008742	2.011343	49
427252.158341	18.529205	0.008718	2.125409	50
427253.207009	15.661406	0.008724	1.795215	51
427254.257021	16.960796	0.008746	1.939250	52
427255.323248	5.884429	0.008718	0.674995	53
427256.324759	24.592997	0.008725	2.818833	54
427257.369233	23.153181	0.008732	2.651577	55
427258.417458	24.892338	0.008736	2.849395	56
427259.465717	21.212523	0.008748	2.424757	57
427260.515188	24.109917	0.008733	2.760790	58
427261.587753	13.331354	0.008718	1.529114	59
427262.611989	20.146025	0.008733	2.306947	60
427263.660554	19.472807	0.008733	2.229745	61
427264.708803	18.390987	0.008740	2.104207	62
427265.758456	17.833130	0.008755	2.036974	63
427266.806521	18.223539	0.008712	2.091732	64
427267.854808	17.012253	0.008732	1.948261	65
427268.903624	17.233862	0.008734	1.973247	66
427269.951860	16.992651	0.008732	1.945917	67
427271.000442	16.191471	0.008729	1.854851	68
427272.048697	16.131119	0.008756	1.842250	69
427273.064624	24.986872	0.008734	2.860733	70
427274.146358	14.673147	0.008737	1.679484	71
427275.162300	23.993868	0.008730	2.748587	72
427276.244711	14.176687	0.008741	1.621929	73
427277.259395	22.517191	0.008733	2.578389	74
427278.307352	23.446491	0.008758	2.677047	75
427279.355643	20.251499	0.008754	2.313526	76
427280.406721	20.714191	0.008738	2.370700	77
427281.453348	18.737186	0.008736	2.144738	78
427282.502152	19.469278	0.008735	2.229009	79
427283.550689	16.959862	0.008721	1.944728	80
427284.598945	18.276962	0.008738	2.091681	81
427285.648532	16.724285	0.008749	1.911641	82
427286.696617	17.102736	0.008715	1.962537	83
427287.744880	15.968079	0.008737	1.827587	84
427288.793162	15.689569	0.008774	1.788205	85
427289.842722	15.414724	0.008744	1.762943	86
427290.890847	15.173868	0.008736	1.736925	87
427291.905920	24.250717	0.008750	2.771395	88
427292.991308	13.462293	0.008736	1.540938	89
427294.003915	22.991314	0.008725	2.635014	90
427295.052156	22.061817	0.008732	2.526450	91
427296.102788	21.197275	0.008733	2.427236	92
427297.149231	21.617748	0.008734	2.475120	93
427298.198026	19.424955	0.008732	2.224516	94
427299.247828	19.576984	0.008734	2.241578	95
427300.294565	17.820967	0.008752	2.036244	96
427301.344043	18.284138	0.008726	2.095258	97
427302.393827	16.098597	0.008708	1.848609	98
427303.440004	17.909748	0.008748	2.047286	99
427304.488792	15.870289	0.008746	1.814545	100
427305.539794	16.381838	0.008733	1.875960	101
427306.554090	24.518213	0.008701	2.817970	102
427307.634740	15.867247	0.008756	1.812054	103
427308.652205	22.980145	0.008736	2.630575	104
427309.731578	14.762549	0.008753	1.686581	105
427310.747513	22.182472	0.008757	2.533123	106
427311.796947	23.567133	0.008729	2.699795	107
427312.845172	21.383463	0.008733	2.448556	108
427313.893730	20.870140	0.008733	2.389728	109
427314.943436	20.220501	0.008742	2.312959	110
427315.995546	18.650347	0.008726	2.137243	111
427317.039701	18.714716	0.008729	2.143884	112
427318.087948	18.436560	0.008733	2.111153	113
427319.137667	17.013571	0.008739	1.946780	114
427320.185672	17.589136	0.008720	2.017043	115
427321.233082	16.962582	0.008728	1.943564	116
427322.286319	15.755614	0.008731	1.804534	117
427323.330773	15.772436	0.008736	1.805473	118
427324.381117	15.543108	0.008717	1.783158	119
427325.395394	24.082129	0.008735	2.756909	120
427326.476153	15.255583	0.008743	1.744877	121
427327.492095	22.688478	0.008747	2.593896	122
427328.543628	23.356070	0.008724	2.677158	123
427329.589882	21.411840	0.008752	2.446529	124
427330.639700	21.904251	0.008735	2.507630	125
427331.686390	19.767654	0.008751	2.258975	126
427332.734626	21.008173	0.008723	2.408276	127
427333.785705	17.770147	0.008735	2.034457	128
427334.832322	19.332535	0.008732	2.213993	129
427335.880605	17.137428	0.008753	1.957869	130
427336.931992	17.281126	0.008727	1.980186	131
427337.979988	15.855944	0.008734	1.815476	132
427339.028109	16.130358	0.008740	1.845649	133
427340.074873	15.896586	0.008751	1.816454	134
427341.124314	16.071722	0.008725	1.842035	135
427342.139635	24.916965	0.008733	2.853294	136
427343.220532	14.925699	0.008745	1.706731	137
427344.236488	23.928881	0.008758	2.732349	138
427345.285895	23.291750	0.008712	2.673656	139
427346.334179	22.395632	0.008734	2.564230	140
427347.384031	21.757647	0.008739	2.489768	141
427348.432510	20.165155	0.008733	2.309206	142
427349.479299	20.656361	0.008752	2.360306	143
427350.528750	18.886494	0.008725	2.164656	144
427351.578593	18.777943	0.008732	2.150422	145
427352.625219	17.576338	0.008761	2.006233	146
427353.673481	19.096085	0.008729	2.187658	147
427354.722900	16.380436	0.008715	1.879571	148
427355.771187	17.640074	0.008727	2.021345	149
427356.819987	15.322836	0.008731	1.754992	150
427357.869748	16.827999	0.008722	1.929390	151
427358.884457	24.497398	0.008714	2.811359	152
427359.968928	14.874167	0.008742	1.701450	153
427360.956426	32.106636	0.008746	3.671163	154
427362.062902	14.459000	0.008749	1.652721	155
427363.078349	22.113489	0.008737	2.531147	156
427364.126608	22.609291	0.008746	2.585013	157
427365.175164	23.288830	0.008728	2.668440	158
427366.224663	20.771925	0.008725	2.380758	159
427367.273213	19.553135	0.008726	2.240805	160
427368.322109	19.189812	0.008749	2.193308	161
427369.370050	18.388742	0.008712	2.110621	162
427370.418774	18.278133	0.008732	2.093305	163
427371.467018	17.168919	0.008743	1.963671	164
427372.515313	17.835880	0.008753	2.037798	165
427373.569621	15.089535	0.008717	1.731049	166
427374.612993	16.921955	0.008731	1.938221	167
427375.628078	24.612822	0.008751	2.812600	168
427376.711363	16.010267	0.008736	1.832642	169
427377.726337	23.134237	0.008729	2.650218	170
427378.807144	15.747071	0.008716	1.806635	171
427379.823442	22.013256	0.008722	2.523839	172
427380.904252	14.201252	0.008734	1.625974	173
427381.920180	20.459667	0.008732	2.343019	174
427382.969956	22.265154	0.008745	2.546156	175
427384.017021	19.321249	0.008740	2.210565	176
427385.066612	21.021545	0.008743	2.404405	177
427386.114779	17.999044	0.008711	2.066195	178
427387.186270	13.175188	0.008727	1.509674	179
427388.213294	16.384348	0.008735	1.875717	180
427389.259913	18.136459	0.008741	2.074925	181
427390.308704	15.596635	0.008734	1.785720	182
427391.358439	16.602329	0.008735	1.900598	183
427392.373253	25.133844	0.008730	2.878962	184
427393.455135	15.494781	0.008749	1.771070	185
427394.469787	23.981789	0.008754	2.739632	186
427395.551521	14.950373	0.008738	1.710920	187
427396.566831	22.868580	0.008755	2.612059	188
427397.650512	13.735056	0.008735	1.572447	189
427398.664635	21.157980	0.008713	2.428281	190
427399.713048	21.901226	0.008699	2.517618	191
427400.762811	19.733431	0.008747	2.255909	192
427401.809945	20.738619	0.008749	2.370447	193
427402.859519	18.476421	0.008745	2.112898	194
427403.907678	20.467438	0.008732	2.343838	195
427404.956259	17.101282	0.008726	1.959781	196
427406.004521	18.697653	0.008731	2.141533	197
427407.052774	16.178223	0.008750	1.848891	198
427408.102253	17.415010	0.008727	1.995609	199
427409.150482	14.853284	0.008731	1.701124	200
427410.200291	16.151678	0.008734	1.849356	201
427411.219217	22.533062	0.008722	2.583549	202
427412.296480	15.454920	0.008711	1.774235	203
427413.311558	22.856991	0.008758	2.609970	204
427414.394980	14.032227	0.008736	1.606292	205
427415.408418	22.444029	0.008754	2.563759	206
427416.459630	21.927488	0.008736	2.510157	207
427417.506095	20.253464	0.008735	2.318615	208
427418.554389	20.937864	0.008751	2.392712	209
427419.602647	19.942499	0.008710	2.289660	210
427420.653773	19.370274	0.008734	2.217921	211
427421.700960	17.765760	0.008732	2.034617	212
427422.750909	18.204861	0.008726	2.086207	213
427423.796971	17.009663	0.008716	1.951510	214
427424.846237	17.720686	0.008731	2.029548	215
427425.895961	15.384190	0.008740	1.760238	216
427426.946095	16.356213	0.008752	1.868882	217
427427.958704	24.446711	0.008755	2.792196	218
427429.041999	15.681581	0.008719	1.798545	219
427430.056381	23.057688	0.008736	2.639288	220
427431.136981	15.103553	0.008754	1.725339	221
427432.154788	21.736698	0.008779	2.475978	222
427433.202815	23.164558	0.008744	2.649164	223
427434.250791	20.519209	0.008715	2.354589	224
427435.300802	21.334873	0.008740	2.441030	225
427436.347746	19.195690	0.008733	2.198018	226
427437.396013	20.088358	0.008730	2.301130	227
427438.444258	18.159063	0.008735	2.078987	228
427439.493712	18.189114	0.008731	2.083218	229
427440.516216	25.783943	0.008727	2.954480	230
427441.590763	17.466541	0.008731	2.000459	231
427442.643937	15.346259	0.008715	1.760913	232
427443.689010	16.060686	0.008704	1.845159	233
427444.736353	15.532628	0.008732	1.778795	234
427445.786076	15.866144	0.008744	1.814576	235
427446.800580	23.951136	0.008738	2.741070	236
427447.882366	15.024899	0.008733	1.720562	237
427448.921738	15.704969	0.008711	1.802941	238
427449.979158	13.874136	0.008729	1.589447	239
427450.994764	21.270895	0.008709	2.442465	240
427452.045226	21.765366	0.008712	2.498219	241
427453.098314	17.899691	0.008716	2.053616	242
427454.140514	21.425837	0.008755	2.447368	243
427455.192048	17.440493	0.008750	1.993231	244
427456.238243	19.583878	0.008729	2.243616	245
427457.265215	23.663069	0.008737	2.708449	246
427458.334785	18.348267	0.008765	2.093247	247
427459.384381	15.765914	0.008760	1.799782	248
427460.433266	16.899525	0.008751	1.931190	249
427461.480146	15.650599	0.008733	1.792034	250
427462.529558	16.252447	0.008721	1.863666	251
427463.545434	23.728418	0.008733	2.717163	252
427464.626105	15.724600	0.008752	1.796766	253
427465.643936	23.360046	0.008734	2.674476	254
427466.690597	23.526962	0.008778	2.680296	255
427467.738877	21.782007	0.008743	2.491438	0
427468.788284	22.400866	0.008730	2.565897	1
427469.836551	20.460939	0.008732	2.343282	2
427470.886646	20.369978	0.008732	2.332914	3
427471.933662	19.169554	0.008733	2.195028	4
427472.981919	19.661211	0.008751	2.246854	5
427474.031384	17.544443	0.008725	2.010755	6
427475.077797	18.801485	0.008762	2.145905	7
427476.150246	11.858551	0.008728	1.358704	8
427477.176650	17.525253	0.008731	2.007210	9
427478.224922	15.721928	0.008753	1.796118	10
427479.273161	17.242044	0.008712	1.979141	11
427480.289158	24.206627	0.008751	2.766096	12
427481.372470	15.552359	0.008740	1.779532	13
427482.386876	23.071745	0.008733	2.641876	14
427483.467457	14.902914	0.008737	1.705676	15
427484.484760	21.644409	0.008747	2.474461	16
427485.534828	22.851967	0.008731	2.617422	17
427486.581126	20.635624	0.008734	2.362669	18
427487.631770	20.772539	0.008728	2.379989	19
427488.678194	19.027168	0.008713	2.183721	20
427489.726487	20.034672	0.008749	2.289975	21
427490.775263	17.714893	0.008716	2.032472	22
427491.824911	18.196632	0.008748	2.080089	23
427492.872338	16.340816	0.008750	1.867567	24
427493.925119	16.446163	0.008729	1.884101	25
427494.970534	15.648187	0.008746	1.789259	26
427496.018658	16.651180	0.008725	1.908503	27
427497.033434	25.163618	0.008738	2.879639	28
427498.115187	15.841132	0.008739	1.812603	29
427499.132689	23.118139	0.008730	2.648086	30
427500.212883	14.877769	0.008731	1.703933	31
427501.229321	22.177471	0.008746	2.535814	32
427502.309724	13.360090	0.008737	1.529156	33
427503.325678	20.718931	0.008712	2.378305	34
427504.375502	21.531784	0.008737	2.464494	35
427505.423564	19.146202	0.008748	2.188612	36
427506.470794	20.894447	0.008741	2.390413	37
427507.519075	18.907360	0.008727	2.166467	38
427508.568475	19.268106	0.008713	2.211438	39
427509.617074	16.792643	0.008729	1.923792	40
427510.664366	18.279232	0.008708	2.099030	41
427511.714906	16.058451	0.008740	1.837274	42
427512.763482	16.784880	0.008746	1.919150	43
427513.810767	15.478924	0.008752	1.768701	44
427514.860200	16.081757	0.008732	1.841700	45
427515.876175	23.972845	0.008727	2.746856	46
427516.956747	15.065913	0.008813	1.709582	47
427517.974628	22.546394	0.008727	2.583657	48
427519.020759	23.488844	0.008701	2.699485	49
427520.069793	21.812634	0.008737	2.496624	50
427521.118070	21.988287	0.008754	2.511797	51
427522.167500	20.127707	0.008726	2.306546	52
427523.216037	20.942692	0.008716	2.402805	53
427524.264321	19.009710	0.008758	2.170570	54
427525.312853	19.106905	0.008733	2.187994	55
427526.361120	17.302908	0.008751	1.977190	56
427527.409407	18.225559	0.008755	2.081786	57
427528.457200	16.889336	0.008729	1.934777	58
427529.507410	17.383501	0.008730	1.991304	59
427530.555644	15.416104	0.008736	1.764702	60
427531.603920	17.255701	0.008752	1.971734	61
427532.619818	24.356003	0.008752	2.782962	62
427533.701558	15.326656	0.008713	1.759111	63
427534.716868	23.004286	0.008745	2.630529	64
427535.800187	14.038680	0.008738	1.606607	65
